86
0 1 0.0524841108949969 -0 -0.415454516918934 -0 -0.0418756537291996 -0 0.999122830098858 1
1 2 0.0524841108949969 -0 -0.415454516918934 -0 -0.0418756537291996 -0 0.999122830098858 1
2 3 0.0524841108949969 -0 -0.415454516918934 -0 -0.0418756537291996 -0 0.999122830098858 1
3 4 0.0524841108949969 -0 -0.415454516918934 -0 -0.0418756537291996 -0 0.999122830098858 1
4 5 0.0524841108949969 -0 -0.415454516918934 -0 -0.0418756537291996 -0 0.999122830098858 1
5 6 0.0524841108949969 -0 -0.415454516918934 -0 -0.0418756537291996 -0 0.999122830098858 1
6 7 0.0524841108949969 -0 -0.415454516918934 -0 -0.0418756537291996 -0 0.999122830098858 1
7 8 0.0524841108949969 -0 -0.415454516918934 -0 -0.0418756537291996 -0 0.999122830098858 1
8 9 0.0524841108949969 -0 -0.415454516918934 -0 -0.0418756537291996 -0 0.999122830098858 1
9 10 0.0524841108949969 -0 -0.415454516918934 -0 -0.0418756537291996 -0 0.999122830098858 1
10 11 0.0524841108949969 -0 -0.415454516918934 -0 -0.0418756537291996 -0 0.999122830098858 1
11 12 0.0524841108949969 -0 -0.415454516918934 -0 -0.0418756537291996 -0 0.999122830098858 1
12 13 0.0524841108949969 -0 -0.415454516918934 -0 -0.0418756537291996 -0 0.999122830098858 1
13 14 0.0524841108949969 -0 -0.415454516918934 -0 -0.0418756537291996 -0 0.999122830098858 1
14 15 0.0524841108949969 -0 -0.415454516918934 -0 -0.0418756537291996 -0 0.999122830098858 1
15 16 0.0524841108949969 -0 -0.415454516918934 -0 -0.0418756537291996 -0 0.999122830098858 1
16 17 0.0524841108949969 -0 -0.415454516918934 -0 -0.0418756537291996 -0 0.999122830098858 1
17 18 0.0524841108949969 -0 -0.415454516918934 -0 -0.0418756537291996 -0 0.999122830098858 1
18 19 0.0524841108949969 -0 -0.415454516918934 -0 -0.0418756537291996 -0 0.999122830098858 1
19 20 0.0524841108949969 -0 -0.415454516918934 -0 -0.0418756537291996 -0 0.999122830098858 1
20 21 0.0524841108949969 -0 -0.415454516918934 -0 -0.0418756537291996 -0 0.999122830098858 1
21 22 0.0524841108949969 -0 -0.415454516918934 -0 -0.0418756537291996 -0 0.999122830098858 1
22 23 0.0524841108949969 -0 -0.415454516918934 -0 -0.0418756537291996 -0 0.999122830098858 1
23 24 0.0524841108949969 -0 -0.415454516918934 -0 -0.0418756537291996 -0 0.999122830098858 1
24 25 0.0524841108949969 -0 -0.415454516918934 -0 -0.0418756537291996 -0 0.999122830098858 1
25 26 0.0262420554474984 -0 -0.207727258459467 -0 -0.0418756537291996 -0 0.999122830098858 -1
26 27 0.0262420554474984 -0 -0.207727258459467 -0 -0.0418756537291996 -0 0.999122830098858 1
27 28 0.0262420554474984 -0 -0.207727258459467 -0 -0.0418756537291996 -0 0.999122830098858 1
28 29 0.0262420554474984 -0 -0.207727258459467 -0 -0.0418756537291996 -0 0.999122830098858 1
29 30 0.0262420554474984 -0 -0.207727258459467 -0 -0.0418756537291996 -0 0.999122830098858 1
30 31 0.0262420554474984 -0 -0.207727258459467 -0 -0.0418756537291996 -0 0.999122830098858 1
31 32 0.0262420554474984 -0 -0.207727258459467 -0 -0.0418756537291996 -0 0.999122830098858 1
32 33 0.0262420554474984 -0 -0.207727258459467 -0 -0.0418756537291996 -0 0.999122830098858 1
33 34 0.0262420554474984 -0 -0.207727258459467 -0 -0.0418756537291996 -0 0.999122830098858 1
34 35 0.0262420554474984 -0 -0.207727258459467 -0 -0.0418756537291996 -0 0.999122830098858 1
35 36 0.0262420554474984 -0 -0.207727258459467 -0 -0.0418756537291996 -0 0.999122830098858 1
36 37 0.0262420554474984 -0 -0.207727258459467 -0 -0.0418756537291996 -0 0.999122830098858 1
37 38 0.0262420554474984 -0 -0.207727258459467 -0 -0.0418756537291996 -0 0.999122830098858 1
38 39 0.0262420554474984 -0 -0.207727258459467 -0 -0.0418756537291996 -0 0.999122830098858 1
39 40 0.0262420554474984 -0 -0.207727258459467 -0 -0.0418756537291996 -0 0.999122830098858 1
40 41 0.0262420554474984 -0 -0.207727258459467 -0 -0.0418756537291996 -0 0.999122830098858 1
41 42 0.0262420554474984 -0 -0.207727258459467 -0 -0.0418756537291996 -0 0.999122830098858 1
42 43 0.0262420554474984 -0 -0.207727258459467 -0 -0.0418756537291996 -0 0.999122830098858 1
43 44 0.0262420554474984 -0 -0.207727258459467 -0 -0.0418756537291996 -0 0.999122830098858 1
44 45 0.0262420554474984 -0 -0.207727258459467 -0 -0.0418756537291996 -0 0.999122830098858 1
45 46 0.0262420554474984 -0 -0.207727258459467 -0 -0.0418756537291996 -0 0.999122830098858 1
46 47 0.0262420554474984 -0 -0.207727258459467 -0 -0.0418756537291996 -0 0.999122830098858 1
47 48 0.0262420554474984 -0 -0.207727258459467 -0 -0.0418756537291996 -0 0.999122830098858 1
48 49 0.0262420554474984 -0 -0.207727258459467 -0 -0.0418756537291996 -0 0.999122830098858 1
49 50 0.0262420554474984 -0 -0.207727258459467 -0 -0.0418756537291996 -0 0.999122830098858 1
50 51 0.104968221789994 -0 -0.830909033837868 -0 -0.0418756537291996 -0 0.999122830098858 -1
51 52 0.104968221789994 -0 -0.830909033837868 -0 -0.0418756537291996 -0 0.999122830098858 1
52 53 0.104968221789994 -0 -0.830909033837868 -0 -0.0418756537291996 -0 0.999122830098858 1
53 54 0.104968221789994 -0 -0.830909033837868 -0 -0.0418756537291996 -0 0.999122830098858 1
54 55 0.104968221789994 -0 -0.830909033837868 -0 -0.0418756537291996 -0 0.999122830098858 1
55 56 0.104968221789994 -0 -0.830909033837868 -0 -0.0418756537291996 -0 0.999122830098858 1
56 57 0.104968221789994 -0 -0.830909033837868 -0 -0.0418756537291996 -0 0.999122830098858 1
57 58 0.104968221789994 -0 -0.830909033837868 -0 -0.0418756537291996 -0 0.999122830098858 1
58 59 0.104968221789994 -0 -0.830909033837868 -0 -0.0418756537291996 -0 0.999122830098858 1
59 60 0.104968221789994 -0 -0.830909033837868 -0 -0.0418756537291996 -0 0.999122830098858 1
60 61 0.104968221789994 -0 -0.830909033837868 -0 -0.0418756537291996 -0 0.999122830098858 1
61 62 0.104968221789994 -0 -0.830909033837868 -0 -0.0418756537291996 -0 0.999122830098858 1
62 63 0.104968221789994 -0 -0.830909033837868 -0 -0.0418756537291996 -0 0.999122830098858 1
63 64 0.104968221789994 -0 -0.830909033837868 -0 -0.0418756537291996 -0 0.999122830098858 1
64 65 0.104968221789994 -0 -0.830909033837868 -0 -0.0418756537291996 -0 0.999122830098858 1
65 66 0.104968221789994 -0 -0.830909033837868 -0 -0.0418756537291996 -0 0.999122830098858 1
66 67 0.104968221789994 -0 -0.830909033837868 -0 -0.0418756537291996 -0 0.999122830098858 1
67 68 0.104968221789994 -0 -0.830909033837868 -0 -0.0418756537291996 -0 0.999122830098858 1
68 69 0.104968221789994 -0 -0.830909033837868 -0 -0.0418756537291996 -0 0.999122830098858 1
69 70 0.104968221789994 -0 -0.830909033837868 -0 -0.0418756537291996 -0 0.999122830098858 1
70 71 0.104968221789994 -0 -0.830909033837868 -0 -0.0418756537291996 -0 0.999122830098858 1
71 72 0.104968221789994 -0 -0.830909033837868 -0 -0.0418756537291996 -0 0.999122830098858 1
72 73 0.104968221789994 -0 -0.830909033837868 -0 -0.0418756537291996 -0 0.999122830098858 1
73 74 0.104968221789994 -0 -0.830909033837868 -0 -0.0418756537291996 -0 0.999122830098858 1
74 75 0.104968221789994 -0 -0.830909033837868 -0 -0.0418756537291996 -0 0.999122830098858 1
75 76 0.0787261663424953 -0 -0.623181775378401 -0 -0.0418756537291996 -0 0.999122830098858 -1
76 77 0.0787261663424953 -0 -0.623181775378401 -0 -0.0418756537291996 -0 0.999122830098858 1
77 78 0.0787261663424953 -0 -0.623181775378401 -0 -0.0418756537291996 -0 0.999122830098858 1
78 79 0.0787261663424953 -0 -0.623181775378401 -0 -0.0418756537291996 -0 0.999122830098858 1
79 80 0.0787261663424953 -0 -0.623181775378401 -0 -0.0418756537291996 -0 0.999122830098858 1
80 81 0.0787261663424953 -0 -0.623181775378401 -0 -0.0418756537291996 -0 0.999122830098858 1
81 82 0.0787261663424953 -0 -0.623181775378401 -0 -0.0418756537291996 -0 0.999122830098858 1
82 83 0.0787261663424953 -0 -0.623181775378401 -0 -0.0418756537291996 -0 0.999122830098858 1
83 84 0.0787261663424953 -0 -0.623181775378401 -0 -0.0418756537291996 -0 0.999122830098858 1
84 85 0.0787261663424953 -0 -0.623181775378401 -0 -0.0418756537291996 -0 0.999122830098858 1
0 85 2.93920308290346 0 -5.3463905601891 0 0.406736643075801 0 -0.913545457642604 1.5
