0 0 0 0 0 0 0 1 1
1 0.0524841108949969 0 -0.415454516918934 0 -0.0418756537291996 0 0.999122830098858 1
2 0.139548490604366 0 -0.825060219162697 0 -0.0836778433323155 0 0.996492859249504 1
3 0.260582445060116 0 -1.22594401703134 0 -0.125333233564304 0 0.992114701314478 1
4 0.414737008034517 0 -1.61529399871742 0 -0.166768746716102 0 0.985996037070505 1
5 0.600930896028203 0 -1.990379153847 0 -0.207911690817759 0 0.978147600733806 1
6 0.817858092697023 0 -2.34856852955514 0 -0.248689887164855 0 0.968583161128631 1
7 1.06399700961832 0 -2.68734968472998 0 -0.289031796944472 0 0.957319497532067 1
8 1.33762115914046 0 -3.00434631298187 0 -0.328866646738583 0 0.944376370237481 1
9 1.63681126445323 0 -3.29733491072539 0 -0.368124552684678 0 0.929776485888252 1
10 1.95946872193565 0 -3.56426037345941 0 -0.4067366430758 0 0.913545457642601 1
11 2.30333032135254 0 -3.8032504108485 0 -0.444635179184928 0 0.895711760239413 1
12 2.66598412064821 0 -4.0126286794945 0 -0.481753674101715 0 0.876306680043864 1
13 3.04488636398701 0 -4.19092654128093 0 -0.51802700937313 0 0.855364260160507 1
14 3.43737932437278 0 -4.33689336481419 0 -0.553391549243344 0 0.8329212407101 1
15 3.84070994569424 0 -4.44950529770423 0 -0.587785252292473 0 0.809016994374948 1
16 4.25204915343546 0 -4.52797244815337 0 -0.621147780278311 0 0.783693457325841 1
17 4.66851169860095 0 -4.57174442547978 0 -0.653420603990106 0 0.756995055651757 1
18 5.08717639566431 0 -4.58051420071265 0 -0.684547105928689 0 0.728968627421412 1
19 5.50510661258579 0 -4.55422026017979 0 -0.714472679632804 0 0.699663340513366 1
20 5.91937086917615 0 -4.49304703698187 0 -0.743144825477395 0 0.669130606358859 1
21 6.32706339932385 0 -4.39742361732672 0 -0.77051324277579 0 0.637423989748691 1
22 6.7253245328566 0 -4.26802073079788 0 -0.796529918024197 0 0.604599114862376 1
23 7.11136075407289 0 -4.10574604566852 0 -0.821149209133705 0 0.570713567684433 1
24 7.48246429624752 0 -3.91173780226062 0 -0.844327925502016 0 0.535826794978998 1
25 7.83603213466968 0 -3.68735682900695 0 -0.866025403784439 0 0.500000000000001 1
26 8.16958424499097 0 -3.43417699721737 0 -0.886203579231216 0 0.463296035119863 1
27 8.48078099881435 0 -3.15397418150244 0 -0.90482705246602 0 0.425779291565074 1
28 8.76743957450631 0 -2.84871380328895 0 -0.921863151588501 0 0.387515586452104 1
29 9.02754926812226 0 -2.52053704480079 0 -0.937281989491892 0 0.348572047321816 1
30 9.25928559705006 0 -2.17174583020408 0 -0.951056516295155 0 0.309016994374948 1
31 9.46102309744459 0 -1.80478667926306 0 -0.963162566797659 0 0.268919820615267 1
32 9.63134672568878 0 -1.42223354676182 0 -0.973578902873161 0 0.228350870110657 1
33 9.76906178390786 0 -1.02676976806079 0 -0.98228725072869 0 0.187381314585725 1
34 9.87320229991655 0 -0.621169237427225 0 -0.98927233296299 0 0.146083028562412 1
35 9.94303780281991 0 -0.208276951159949 0 -0.994521895368275 0 0.104528463267654 1
36 9.97807844674181 0 0.209010948015573 0 -0.998026728428273 0 0.0627905195293141 1
37 9.97807844674181 0 0.627767485307569 0 -0.999780683474847 0 0.0209424198833576 1
38 9.94303780281991 0 1.04505538448309 0 -0.999780683474847 0 -0.0209424198833564 1
39 9.87320229991655 0 1.45794767075037 0 -0.998026728428273 0 -0.0627905195293129 1
40 9.76906178390785 0 1.86354820138393 0 -0.994521895368275 0 -0.104528463267653 1
41 9.63134672568878 0 2.25901198008496 0 -0.98927233296299 0 -0.146083028562411 1
42 9.46102309744458 0 2.64156511258621 0 -0.98228725072869 0 -0.187381314585724 1
43 9.25928559705005 0 3.00852426352722 0 -0.973578902873162 0 -0.228350870110655 1
44 9.02754926812226 0 3.35731547812394 0 -0.96316256679766 0 -0.268919820615266 1
45 8.7674395745063 0 3.6854922366121 0 -0.951056516295155 0 -0.309016994374947 1
46 8.48078099881435 0 3.99075261482559 0 -0.937281989491893 0 -0.348572047321815 1
47 8.16958424499097 0 4.27095543054052 0 -0.921863151588502 0 -0.387515586452103 1
48 7.83603213466968 0 4.52413526233009 0 -0.904827052466021 0 -0.425779291565073 1
49 7.48246429624752 0 4.74851623558376 0 -0.886203579231217 0 -0.463296035119862 1
50 7.11136075407289 0 4.94252447899167 0 -0.86602540378444 0 -0.5 1
51 6.7253245328566 0 5.10479916412103 0 -0.844327925502017 0 -0.535826794978997 1
52 6.32706339932385 0 5.23420205064986 0 -0.821149209133706 0 -0.570713567684432 1
53 5.91937086917615 0 5.32982547030501 0 -0.796529918024198 0 -0.604599114862375 1
54 5.50510661258579 0 5.39099869350294 0 -0.770513242775791 0 -0.63742398974869 1
55 5.08717639566431 0 5.4172926340358 0 -0.743144825477396 0 -0.669130606358859 1
56 4.66851169860096 0 5.40852285880293 0 -0.714472679632805 0 -0.699663340513366 1
57 4.25204915343547 0 5.36475088147651 0 -0.684547105928691 0 -0.728968627421413 1
58 3.84070994569425 0 5.28628373102737 0 -0.653420603990107 0 -0.756995055651758 1
59 3.43737932437279 0 5.17367179813734 0 -0.621147780278312 0 -0.783693457325841 1
60 3.04488636398702 0 5.02770497460408 0 -0.587785252292475 0 -0.809016994374949 1
61 2.66598412064822 0 4.84940711281765 0 -0.553391549243346 0 -0.832921240710101 1
62 2.30333032135255 0 4.64002884417165 0 -0.518027009373132 0 -0.855364260160508 1
63 1.95946872193566 0 4.40103880678256 0 -0.481753674101717 0 -0.876306680043865 1
64 1.63681126445324 0 4.13411334404855 0 -0.444635179184929 0 -0.895711760239415 1
65 1.33762115914047 0 3.84112474630502 0 -0.406736643075802 0 -0.913545457642603 1
66 1.06399700961833 0 3.52412811805313 0 -0.368124552684679 0 -0.929776485888253 1
67 0.817858092697032 0 3.1853469628783 0 -0.328866646738585 0 -0.944376370237483 1
68 0.600930896028211 0 2.82715758717016 0 -0.289031796944473 0 -0.95731949753207 1
69 0.414737008034524 0 2.45207243204058 0 -0.248689887164856 0 -0.968583161128634 1
70 0.260582445060123 0 2.0627224503545 0 -0.207911690817761 0 -0.978147600733808 1
71 0.139548490604372 0 1.66183865248586 0 -0.166768746716103 0 -0.985996037070508 1
72 0.0524841108950021 0 1.2522329502421 0 -0.125333233564305 0 -0.992114701314481 1
73 4.23966417528732e-15 0 0.836778433323163 0 -0.0836778433323164 0 -0.996492859249507 1
74 -0.0175357037524749 0 0.418389216661586 0 -0.0418756537292004 0 -0.999122830098861 1
75 2.57432963834958e-15 0 8.32667268468867e-15 0 -6.93889390390723e-16 0 -1 1
76 0.0524841108949988 0 -0.415454516918925 0 0.041875653729199 0 -0.999122830098861 1
77 0.139548490604367 0 -0.825060219162688 0 0.083677843332315 0 -0.996492859249507 1
78 0.260582445060116 0 -1.22594401703133 0 0.125333233564304 0 -0.992114701314481 1
79 0.414737008034516 0 -1.61529399871741 0 0.166768746716102 0 -0.985996037070508 1
80 0.600930896028202 0 -1.99037915384699 0 0.207911690817759 0 -0.978147600733809 1
81 0.817858092697022 0 -2.34856852955513 0 0.248689887164855 0 -0.968583161128634 1
82 1.06399700961832 0 -2.68734968472997 0 0.289031796944472 0 -0.957319497532071 1
83 1.33762115914046 0 -3.00434631298186 0 0.328866646738584 0 -0.944376370237484 1
84 1.63681126445323 0 -3.29733491072539 0 0.368124552684678 0 -0.929776485888255 1
85 1.95946872193564 0 -3.5642603734594 0 0.406736643075801 0 -0.913545457642604 1
