86
0 0 0 0 0 0 0 1 1
1 0.0524841108949969 0 -0.415454516918934 0 -0.0418756537291996 0 0.999122830098858 1
2 0.139548490604366 0 -0.825060219162697 0 -0.0836778433323155 0 0.996492859249504 1
3 0.260582445060116 0 -1.22594401703134 0 -0.125333233564304 0 0.992114701314478 1
4 0.414737008034517 0 -1.61529399871742 0 -0.166768746716102 0 0.985996037070505 1
5 0.600930896028203 0 -1.990379153847 0 -0.207911690817759 0 0.978147600733806 1
6 0.817858092697023 0 -2.34856852955514 0 -0.248689887164855 0 0.968583161128631 1
7 1.06399700961832 0 -2.68734968472998 0 -0.289031796944472 0 0.957319497532067 1
8 1.33762115914046 0 -3.00434631298187 0 -0.328866646738583 0 0.944376370237481 1
9 1.63681126445323 0 -3.29733491072539 0 -0.368124552684678 0 0.929776485888252 1
10 1.95946872193565 0 -3.56426037345941 0 -0.4067366430758 0 0.913545457642601 1
11 2.30333032135254 0 -3.8032504108485 0 -0.444635179184928 0 0.895711760239413 1
12 2.66598412064821 0 -4.0126286794945 0 -0.481753674101715 0 0.876306680043864 1
13 3.04488636398701 0 -4.19092654128093 0 -0.51802700937313 0 0.855364260160507 1
14 3.43737932437278 0 -4.33689336481419 0 -0.553391549243344 0 0.8329212407101 1
15 3.84070994569424 0 -4.44950529770423 0 -0.587785252292473 0 0.809016994374948 1
16 4.25204915343546 0 -4.52797244815337 0 -0.621147780278311 0 0.783693457325841 1
17 4.66851169860095 0 -4.57174442547978 0 -0.653420603990106 0 0.756995055651757 1
18 5.08717639566431 0 -4.58051420071265 0 -0.684547105928689 0 0.728968627421412 1
19 5.50510661258579 0 -4.55422026017979 0 -0.714472679632804 0 0.699663340513366 1
20 5.91937086917615 0 -4.49304703698187 0 -0.743144825477395 0 0.669130606358859 1
21 6.32706339932385 0 -4.39742361732672 0 -0.77051324277579 0 0.637423989748691 1
22 6.7253245328566 0 -4.26802073079788 0 -0.796529918024197 0 0.604599114862376 1
23 7.11136075407289 0 -4.10574604566852 0 -0.821149209133705 0 0.570713567684433 1
24 7.48246429624752 0 -3.91173780226062 0 -0.844327925502016 0 0.535826794978998 1
25 7.83603213466968 0 -3.68735682900695 0 -0.866025403784439 0 0.500000000000001 1
26 8.14334218954347 0 -3.22644973875791 0 -0.886203579231216 0 0.463296035119863 1
27 8.41100675351217 0 -2.7414440719211 0 -0.90482705246602 0 0.425779291565074 1
28 8.63714835197625 0 -2.23574179477329 0 -0.921863151588501 0 0.387515586452104 1
29 8.82018076410501 0 -1.71289004544208 0 -0.937281989491892 0 0.348572047321816 1
30 8.95882014903596 0 -1.17655625328058 0 -0.951056516295155 0 0.309016994374948 1
31 9.05209405109608 0 -0.630502414485492 0 -0.963162566797659 0 0.268919820615267 1
32 9.09934822087963 0 -0.0785587043968279 0 -0.973578902873161 0 0.228350870110657 1
33 9.10025120433764 0 0.475403388430151 0 -0.98228725072869 0 0.187381314585725 1
34 9.05479666768995 0 1.02749821793548 0 -0.98927233296299 0 0.146083028562412 1
35 8.9633034418521 0 1.57385323556976 0 -0.994521895368275 0 0.104528463267654 1
36 8.82641328606556 0 2.11063615343983 0 -0.998026728428273 0 0.0627905195293141 1
37 8.64508638641772 0 2.63408182505483 0 -0.999780683474847 0 0.0209424198833576 1
38 8.42059462082642 0 3.14051865512356 0 -0.999780683474847 0 -0.0209424198833564 1
39 8.15451263773017 0 3.62639435315747 0 -0.998026728428273 0 -0.0627905195293129 1
40 7.84870681106075 0 4.08830085023605 0 -0.994521895368275 0 -0.104528463267653 1
41 7.50532214897106 0 4.52299820416165 0 -0.98927233296299 0 -0.146083028562411 1
42 7.12676724814412 0 4.92743732532611 0 -0.98228725072869 0 -0.187381314585724 1
43 6.71569739921791 0 5.29878136388356 0 -0.973578902873162 0 -0.228350870110655 1
44 6.27499596182938 0 5.63442560821384 0 -0.96316256679766 0 -0.268919820615266 1
45 5.80775413991824 0 5.93201575510304 0 -0.951056516295155 0 -0.309016994374947 1
46 5.31724929915243 0 6.18946442348896 0 -0.937281989491893 0 -0.348572047321815 1
47 4.80692197856268 0 6.40496579593947 0 -0.921863151588502 0 -0.387515586452103 1
48 4.28035175763325 0 6.57700828516436 0 -0.904827052466021 0 -0.425779291565073 1
49 3.74123214812377 0 6.70438513671409 0 -0.886203579231217 0 -0.463296035119862 1
50 3.19334468673805 0 6.78620289349515 0 -0.86602540378444 0 -0.5 1
51 2.71925857670362 0 6.19870588735133 0 -0.844327925502017 0 -0.535826794978997 1
52 2.29599563582323 0 5.57359881265705 0 -0.821149209133706 0 -0.570713567684432 1
53 1.92652474951317 0 4.9152663464025 0 -0.796529918024198 0 -0.604599114862375 1
54 1.61343749057644 0 4.22832621782721 0 -0.770513242775791 0 -0.63742398974869 1
55 1.35892994118159 0 3.51759681836736 0 -0.743144825477396 0 -0.669130606358859 1
56 1.1647872889242 0 2.78806340410176 0 -0.714472679632805 0 -0.699663340513366 1
57 1.03237130501856 0 2.04484312776248 0 -0.684547105928691 0 -0.728968627421413 1
58 0.962610792451009 0 1.29314914558498 0 -0.653420603990107 0 -0.756995055651758 1
59 0.955995071094353 0 0.538254050762877 0 -0.621147780278312 0 -0.783693457325841 1
60 1.01257054548052 0 -0.214547110005042 0 -0.587785252292475 0 -0.809016994374949 1
61 1.13194037930611 0 -0.959973977462874 0 -0.553391549243346 0 -0.832921240710101 1
62 1.31326727895395 0 -1.69279791772387 0 -0.518027009373132 0 -0.855364260160508 1
63 1.5552793665062 0 -2.40787869738037 0 -0.481753674101717 0 -0.876306680043865 1
64 1.85627910105412 0 -3.10020053854791 0 -0.444635179184929 0 -0.895711760239415 1
65 2.21415518572789 0 -3.76490730094327 0 -0.406736643075802 0 -0.913545457642603 1
66 2.62639737692712 0 -4.39733654421939 0 -0.368124552684679 0 -0.929776485888253 1
67 3.09011409187615 0 -4.99305223163447 0 -0.328866646738585 0 -0.944376370237483 1
68 3.60205269099962 0 -5.54787584566243 0 -0.289031796944473 0 -0.95731949753207 1
69 4.15862229285206 0 -6.05791569729107 0 -0.248689887164856 0 -0.968583161128634 1
70 4.75591896157117 0 -6.51959422342435 0 -0.207911690817761 0 -0.978147600733808 1
71 5.38975309018296 0 -6.92967308091701 0 -0.166768746716103 0 -0.985996037070508 1
72 6.0556787876844 0 -7.28527586122499 0 -0.125333233564305 0 -0.992114701314481 1
73 6.74902506377448 0 -7.58390826634467 0 -0.0836778433323164 0 -0.996492859249507 1
74 7.46492859249503 0 -7.82347560452123 0 -0.0418756537292004 0 -0.999122830098861 1
75 8.19836782496806 0 -8.00229748300625 0 -6.93889390390723e-16 0 -1 1
76 8.91795615650564 0 -7.91139233634604 0 0.041875653729199 0 -0.999122830098861 1
77 9.62741404386177 0 -7.76059240715995 0 0.083677843332315 0 -0.996492859249507 1
78 10.3217651497014 0 -7.55095544860161 0 0.125333233564304 0 -0.992114701314481 1
79 10.9961390999077 0 -7.28395191331138 0 0.166768746716102 0 -0.985996037070508 1
80 11.645805645757 0 -6.96145463924752 0 0.207911690817759 0 -0.978147600733809 1
81 12.2662078432149 0 -6.58572571307364 0 0.248689887164855 0 -0.968583161128634 1
82 12.8529940166246 0 -6.15940060324598 0 0.289031796944472 0 -0.957319497532071 1
83 13.4020482825849 0 -5.68546967409581 0 0.328866646738584 0 -0.944376370237484 1
84 13.909519419915 0 -5.16725721057222 0 0.368124552684678 0 -0.929776485888255 1
85 14.3718478832042 0 -4.60839810077168 0 0.406736643075801 0 -0.913545457642604 1
