0.000000 0.000000 0.000000 0.000000 0.000000 0.000000 0.000000 1.000000
1.000000 -0.017536 0.000000 0.418389 0.000000 0.041876 0.000000 0.999123
2.000000 0.000000 0.000000 0.836778 0.000000 0.083678 0.000000 0.996493
3.000000 0.052484 0.000000 1.252233 0.000000 0.125333 0.000000 0.992115
4.000000 0.139548 0.000000 1.661839 0.000000 0.166769 0.000000 0.985996
5.000000 0.260582 0.000000 2.062722 0.000000 0.207912 0.000000 0.978148
6.000000 0.414737 0.000000 2.452072 0.000000 0.248690 0.000000 0.968583
7.000000 0.600931 0.000000 2.827158 0.000000 0.289032 0.000000 0.957319
8.000000 0.817858 0.000000 3.185347 0.000000 0.328867 0.000000 0.944376
9.000000 1.063997 0.000000 3.524128 0.000000 0.368125 0.000000 0.929776
10.000000 1.337621 0.000000 3.841125 -0.000000 0.406737 0.000000 0.913545
11.000000 1.636811 0.000000 4.134113 -0.000000 0.444635 0.000000 0.895712
12.000000 1.959469 0.000000 4.401039 -0.000000 0.481754 0.000000 0.876307
13.000000 2.303330 0.000000 4.640029 -0.000000 0.518027 0.000000 0.855364
14.000000 2.665984 0.000000 4.849407 -0.000000 0.553392 0.000000 0.832921
15.000000 3.044886 0.000000 5.027705 -0.000000 0.587785 0.000000 0.809017
16.000000 3.437379 0.000000 5.173672 -0.000000 0.621148 0.000000 0.783693
17.000000 3.840710 0.000000 5.286284 -0.000000 0.653421 0.000000 0.756995
18.000000 4.252049 0.000000 5.364751 -0.000000 0.684547 0.000000 0.728969
19.000000 4.668512 0.000000 5.408523 0.000000 0.714473 0.000000 0.699663
20.000000 5.087176 0.000000 5.417293 0.000000 0.743145 0.000000 0.669131
21.000000 5.505107 0.000000 5.390999 0.000000 0.770513 0.000000 0.637424
22.000000 5.919371 0.000000 5.329825 0.000000 0.796530 0.000000 0.604599
23.000000 6.327063 0.000000 5.234202 0.000000 0.821149 0.000000 0.570714
24.000000 6.725325 0.000000 5.104799 0.000000 0.844328 0.000000 0.535827
25.000000 7.111361 0.000000 4.942524 0.000000 0.866025 0.000000 0.500000
26.000000 7.296913 0.000000 4.845520 0.000000 0.886204 0.000000 0.463296
27.000000 7.473696 0.000000 4.733330 0.000000 0.904827 0.000000 0.425779
28.000000 7.640472 0.000000 4.606740 0.000000 0.921863 0.000000 0.387516
29.000000 7.796071 0.000000 4.466639 0.000000 0.937282 0.000000 0.348572
30.000000 7.939400 0.000000 4.314008 0.000000 0.951057 0.000000 0.309017
31.000000 8.069455 0.000000 4.149920 0.000000 0.963163 0.000000 0.268920
32.000000 8.185323 0.000000 3.975524 0.000000 0.973579 0.000000 0.228351
33.000000 8.286192 0.000000 3.792045 0.000000 0.982287 0.000000 0.187381
34.000000 8.371354 0.000000 3.600768 0.000000 0.989272 0.000000 0.146083
35.000000 8.440211 0.000000 3.403036 0.000000 0.994522 0.000000 0.104528
36.000000 8.492282 0.000000 3.200236 0.000000 0.998027 0.000000 0.062791
37.000000 8.527199 0.000000 2.993790 0.000000 0.999781 0.000000 0.020942
38.000000 8.544720 0.000000 2.785146 0.000000 0.999781 0.000000 -0.020942
39.000000 8.544720 0.000000 2.575768 0.000000 0.998027 0.000000 -0.062791
40.000000 8.527199 0.000000 2.367124 0.000000 0.994522 0.000000 -0.104528
41.000000 8.492282 0.000000 2.160678 0.000000 0.989272 0.000000 -0.146083
42.000000 8.440211 0.000000 1.957877 0.000000 0.982287 0.000000 -0.187381
43.000000 8.371354 0.000000 1.760145 0.000000 0.973579 0.000000 -0.228351
44.000000 8.286192 0.000000 1.568869 0.000000 0.963163 0.000000 -0.268920
45.000000 8.185323 0.000000 1.385389 0.000000 0.951057 0.000000 -0.309017
46.000000 8.069455 0.000000 1.210994 0.000000 0.937282 0.000000 -0.348572
47.000000 7.939400 0.000000 1.046905 0.000000 0.921863 0.000000 -0.387516
48.000000 7.796071 0.000000 0.894275 0.000000 0.904827 0.000000 -0.425779
49.000000 7.640472 0.000000 0.754174 0.000000 0.886204 0.000000 -0.463296
50.000000 7.473696 0.000000 0.627584 0.000000 0.866025 0.000000 -0.500000
51.000000 6.766561 0.000000 0.178822 0.000000 0.844328 0.000000 -0.535827
52.000000 6.024354 0.000000 -0.209195 0.000000 0.821149 0.000000 -0.570714
53.000000 5.252281 0.000000 -0.533744 0.000000 0.796530 0.000000 -0.604599
54.000000 4.455759 0.000000 -0.792550 0.000000 0.770513 0.000000 -0.637424
55.000000 3.640374 0.000000 -0.983797 0.000000 0.743145 0.000000 -0.669131
56.000000 2.811845 0.000000 -1.106143 0.000000 0.714473 0.000000 -0.699663
57.000000 1.975985 0.000000 -1.158731 0.000000 -0.684547 0.000000 0.728969
58.000000 1.138656 0.000000 -1.141191 0.000000 -0.653421 0.000000 0.756995
59.000000 0.305730 0.000000 -1.053647 0.000000 -0.621148 0.000000 0.783693
60.000000 -0.516948 0.000000 -0.896713 0.000000 -0.587785 0.000000 0.809017
61.000000 -1.323609 0.000000 -0.671489 0.000000 -0.553392 0.000000 0.832921
62.000000 -2.108595 0.000000 -0.379556 0.000000 -0.518027 0.000000 0.855364
63.000000 -2.866400 0.000000 -0.022960 0.000000 -0.481754 0.000000 0.876307
64.000000 -3.591707 0.000000 0.395797 0.000000 -0.444635 0.000000 0.895712
65.000000 -4.279430 0.000000 0.873777 0.000000 -0.406737 0.000000 0.913545
66.000000 -4.924745 0.000000 1.407628 0.000000 -0.368125 0.000000 0.929776
67.000000 -5.523126 0.000000 1.993605 0.000000 -0.328867 0.000000 0.944376
68.000000 -6.070374 0.000000 2.627598 0.000000 -0.289032 0.000000 0.957319
69.000000 -6.562652 0.000000 3.305160 0.000000 -0.248690 0.000000 0.968583
70.000000 -6.996506 0.000000 4.021539 0.000000 -0.207912 0.000000 0.978148
71.000000 -7.368894 0.000000 4.771709 0.000000 -0.166769 0.000000 0.985996
72.000000 -7.677203 0.000000 5.550409 0.000000 -0.125333 0.000000 0.992115
73.000000 -7.919271 0.000000 6.352177 0.000000 -0.083678 0.000000 0.996493
74.000000 -8.093400 0.000000 7.171388 0.000000 -0.041876 0.000000 0.999123
75.000000 -8.198368 0.000000 8.002297 0.000000 -0.000000 0.000000 1.000000
76.000000 -8.224671 0.000000 8.629881 0.000000 0.041876 0.000000 0.999123
77.000000 -8.198368 0.000000 9.257465 0.000000 0.083678 0.000000 0.996493
78.000000 -8.119642 0.000000 9.880647 0.000000 0.125333 0.000000 0.992115
79.000000 -7.989045 0.000000 10.495055 0.000000 0.166769 0.000000 0.985996
80.000000 -7.807494 0.000000 11.096381 0.000000 0.207912 0.000000 0.978148
81.000000 -7.576262 0.000000 11.680406 0.000000 0.248690 0.000000 0.968583
82.000000 -7.296971 0.000000 12.243034 0.000000 0.289032 0.000000 0.957319
83.000000 -6.971581 0.000000 12.780318 0.000000 0.328867 0.000000 0.944376
84.000000 -6.602372 0.000000 13.288490 0.000000 0.368125 0.000000 0.929776
85.000000 -6.191936 0.000000 13.763985 -0.000000 0.406737 0.000000 0.913545
