0 0.000000 0.000000 0.000000 0.000000 0.000000 0.000000 1.000000
1 -0.017536 0.000000 0.418389 0.000000 0.041876 0.000000 0.999123
2 0.000000 0.000000 0.836778 0.000000 0.083678 0.000000 0.996493
3 0.052484 0.000000 1.252233 0.000000 0.125333 0.000000 0.992115
4 0.139549 0.000000 1.661839 0.000000 0.166769 0.000000 0.985996
5 0.260583 0.000000 2.062722 0.000000 0.207912 0.000000 0.978148
6 0.414737 0.000000 2.452072 0.000000 0.248690 0.000000 0.968583
7 0.600931 0.000000 2.827157 0.000000 0.289032 0.000000 0.957319
8 0.817859 0.000000 3.185347 0.000000 0.328867 0.000000 0.944376
9 1.063998 0.000000 3.524128 0.000000 0.368125 0.000000 0.929776
10 1.337622 0.000000 3.841124 0.000000 0.406737 0.000000 0.913545
11 1.636812 0.000000 4.134113 0.000000 0.444635 0.000000 0.895712
12 1.959470 0.000000 4.401038 0.000000 0.481754 0.000000 0.876307
13 2.303331 0.000000 4.640028 0.000000 0.518027 0.000000 0.855364
14 2.665985 0.000000 4.849407 0.000000 0.553392 0.000000 0.832921
15 3.044888 0.000000 5.027704 0.000000 0.587785 0.000000 0.809017
16 3.437381 0.000000 5.173671 0.000000 0.621148 0.000000 0.783693
17 3.840712 0.000000 5.286283 0.000000 0.653421 0.000000 0.756995
18 4.252051 0.000000 5.364750 0.000000 0.684547 0.000000 0.728969
19 4.668514 0.000000 5.408522 0.000000 0.714473 0.000000 0.699663
20 5.087178 0.000000 5.417291 0.000000 0.743145 0.000000 0.669131
21 5.505109 0.000000 5.390997 0.000000 0.770514 0.000000 0.637424
22 5.919373 0.000000 5.329824 0.000000 0.796530 0.000000 0.604599
23 6.327066 0.000000 5.234200 0.000000 0.821149 0.000000 0.570713
24 6.725327 0.000000 5.104797 0.000000 0.844328 0.000000 0.535827
25 7.111363 0.000000 4.942523 0.000000 0.866026 0.000000 0.500000
26 7.369491 0.000000 4.806133 0.000000 1.121112 0.000000 0.688783
27 7.701983 0.000000 4.595127 0.000000 1.148749 0.000000 0.630760
28 8.015653 0.000000 4.357039 0.000000 1.173948 0.000000 0.572329
29 8.308300 0.000000 4.093538 0.000000 1.196691 0.000000 0.513476
30 8.577872 0.000000 3.806473 0.000000 1.216959 0.000000 0.454205
31 8.822477 0.000000 3.497858 0.000000 1.234737 0.000000 0.394537
32 9.040400 0.000000 3.169857 0.000000 1.250007 0.000000 0.334504
33 9.230113 0.000000 2.824771 0.000000 1.262756 0.000000 0.274148
34 9.390284 0.000000 2.465021 0.000000 1.272970 0.000000 0.213519
35 9.519790 0.000000 2.093130 0.000000 1.280640 0.000000 0.152673
36 9.617723 0.000000 1.711706 0.000000 1.285758 0.000000 0.091668
37 9.683396 0.000000 1.323425 0.000000 1.288318 0.000000 0.030567
38 9.716348 0.000000 0.931011 0.000000 1.288318 0.000000 -0.030566
39 9.716348 0.000000 0.537215 0.000000 1.285758 0.000000 -0.091668
40 9.683397 0.000000 0.144800 0.000000 1.280640 0.000000 -0.152672
41 9.617724 0.000000 -0.243481 0.000000 1.272970 0.000000 -0.213519
42 9.519791 0.000000 -0.624904 0.000000 1.262756 0.000000 -0.274148
43 9.390285 0.000000 -0.996796 0.000000 1.250007 0.000000 -0.334503
44 9.230114 0.000000 -1.356546 0.000000 1.234737 0.000000 -0.394536
45 9.040402 0.000000 -1.701632 0.000000 1.216960 0.000000 -0.454205
46 8.822479 0.000000 -2.029633 0.000000 1.196691 0.000000 -0.513476
47 8.577873 0.000000 -2.338248 0.000000 1.173949 0.000000 -0.572329
48 8.308302 0.000000 -2.625313 0.000000 1.148750 0.000000 -0.630760
49 8.015655 0.000000 -2.888814 0.000000 1.121112 0.000000 -0.688783
50 7.701985 0.000000 -3.126903 0.000000 1.091051 0.000000 -0.746439
51 6.988522 0.000000 -3.589168 0.000000 -0.408829 0.000000 0.517049
52 6.641735 0.000000 -3.770464 0.000000 -0.409891 0.000000 0.534206
53 6.280994 0.000000 -3.922106 0.000000 -0.408114 0.000000 0.551348
54 5.908830 0.000000 -4.043030 0.000000 -0.403759 0.000000 0.568360
55 5.527852 0.000000 -4.132388 0.000000 -0.397065 0.000000 0.585140
56 5.140733 0.000000 -4.189553 0.000000 -0.388247 0.000000 0.601595
57 4.750188 0.000000 -4.214124 0.000000 -0.377498 0.000000 0.617639
58 4.358956 0.000000 -4.205929 0.000000 -0.364994 0.000000 0.633196
59 3.969783 0.000000 -4.165026 0.000000 -0.350892 0.000000 0.648194
60 3.585397 0.000000 -4.091701 0.000000 -0.335337 0.000000 0.662572
61 3.208495 0.000000 -3.986468 0.000000 -0.318460 0.000000 0.676269
62 2.841720 0.000000 -3.850066 0.000000 -0.300382 0.000000 0.689234
63 2.487646 0.000000 -3.683452 0.000000 -0.281217 0.000000 0.701419
64 2.148755 0.000000 -3.487793 0.000000 -0.261068 0.000000 0.712780
65 1.827425 0.000000 -3.264464 0.000000 -0.240036 0.000000 0.723278
66 1.525910 0.000000 -3.015029 0.000000 -0.218212 0.000000 0.732878
67 1.246325 0.000000 -2.741239 0.000000 -0.195687 0.000000 0.741549
68 0.990630 0.000000 -2.445014 0.000000 -0.172546 0.000000 0.749263
69 0.760619 0.000000 -2.128432 0.000000 -0.148872 0.000000 0.755996
70 0.557906 0.000000 -1.793714 0.000000 -0.124744 0.000000 0.761728
71 0.383913 0.000000 -1.443207 0.000000 -0.100242 0.000000 0.766442
72 0.239859 0.000000 -1.079369 0.000000 -0.075441 0.000000 0.770122
73 0.126756 0.000000 -0.704754 0.000000 -0.050417 0.000000 0.772759
74 0.045396 0.000000 -0.321988 0.000000 -0.025246 0.000000 0.774344
75 -0.003649 0.000000 0.066243 0.000000 -0.000000 0.000000 0.774873
76 -0.017535 0.000000 0.418389 0.000000 0.032233 0.000000 0.865350
77 0.000001 0.000000 0.836779 0.000000 0.064390 0.000000 0.863326
78 0.052485 0.000000 1.252233 0.000000 0.096396 0.000000 0.859958
79 0.139549 0.000000 1.661839 0.000000 0.128175 0.000000 0.855254
80 0.260583 0.000000 2.062722 0.000000 0.159650 0.000000 0.849224
81 0.414737 0.000000 2.452072 0.000000 0.190744 0.000000 0.841884
82 0.600931 0.000000 2.827158 0.000000 0.221378 0.000000 0.833251
83 0.817858 0.000000 3.185347 0.000000 0.251473 0.000000 0.823346
84 1.063997 0.000000 3.524128 0.000000 0.280946 0.000000 0.812192
85 1.337621 0.000000 3.841125 0.000000 0.309714 0.000000 0.799819
