0.000000 0.000000 0.000000 0.000000 0.000000 0.000000 0.000000 1.000000
1.000000 -0.146303 0.521450 0.000000 0.000000 0.000000 0.229521 0.973304
2.000000 -0.539891 0.838561 0.000000 0.000000 0.000000 0.487742 0.872988
3.000000 -1.009152 0.973433 0.000000 0.000000 0.000000 0.673580 0.739114
4.000000 -1.474494 0.926654 0.000000 0.000000 0.000000 0.834056 0.551679
5.000000 -1.860147 0.496502 0.000000 0.000000 0.000000 0.957619 0.288039
6.000000 -1.935601 -0.109855 0.000000 0.000000 0.000000 0.999990 0.004377
7.000000 -1.778398 -0.568053 0.000000 0.000000 0.000000 0.969278 -0.245967
8.000000 -1.320468 -0.893914 0.000000 0.000000 0.000000 -0.861409 0.507912
9.000000 -0.862704 -0.893359 0.000000 0.000000 0.000000 -0.709721 0.704483
10.000000 -0.528866 -0.700917 0.000000 0.000000 0.000000 -0.528590 0.848877
11.000000 -0.275476 -0.366620 0.000000 0.000000 0.000000 -0.319205 0.947686
12.000000 -0.200112 0.026235 0.000000 0.000000 0.000000 -0.070889 0.997484
