0 0 2
1 0 0
2 0 -0.510642
3 0 -1
4 0 0
5 0 0
33 0 -1
34 0 0
35 0 0.473351
0 1 0
1 1 2
2 1 -0.142843
3 1 0
4 1 -1
5 1 0
33 1 0
34 1 -1
35 1 -0.12789
0 2 -0.510642
1 2 -0.142843
2 2 2.28116
3 2 0.510642
4 2 0.142843
5 2 -1
33 2 0
34 2 0
35 2 -1
0 3 -1
1 3 0
2 3 0.510642
3 3 2
4 3 0
5 3 -0.341588
6 3 -1
7 3 0
8 3 0
0 4 0
1 4 -1
2 4 0.142843
3 4 0
4 4 2
5 4 -0.34164
6 4 0
7 4 -1
8 4 0
0 5 0
1 5 0
2 5 -1
3 5 -0.341588
4 5 -0.34164
5 5 2.2334
6 5 0.341588
7 5 0.34164
8 5 -1
3 6 -1
4 6 0
5 6 0.341588
6 6 2
7 6 0
8 6 -0.0793917
9 6 -1
10 6 0
11 6 0
3 7 0
4 7 -1
5 7 0.34164
6 7 0
7 7 2
8 7 -0.473939
9 7 0
10 7 -1
11 7 0
3 8 0
4 8 0
5 8 -1
6 8 -0.0793917
7 8 -0.473939
8 8 2.23092
9 8 0.0793917
10 8 0.473939
11 8 -1
6 9 -1
7 9 0
8 9 0.0793917
9 9 2
10 9 0
11 9 0.116416
12 9 -1
13 9 0
14 9 0
6 10 0
7 10 -1
8 10 0.473939
9 10 0
10 10 2
11 10 -0.549519
12 10 0
13 10 -1
14 10 0
6 11 0
7 11 0
8 11 -1
9 11 0.116416
10 11 -0.549519
11 11 2.31552
12 11 -0.116416
13 11 0.549519
14 11 -1
9 12 -1
10 12 0
11 12 -0.116416
12 12 2
13 12 0
14 12 0.360421
15 12 -1
16 12 0
17 12 0
9 13 0
10 13 -1
11 13 0.549519
12 13 0
13 13 2
14 13 -0.42132
15 13 0
16 13 -1
17 13 0
9 14 0
10 14 0
11 14 -1
12 14 0.360421
13 14 -0.42132
14 14 2.30741
15 14 -0.360421
16 14 0.42132
17 14 -1
12 15 -1
13 15 0
14 15 -0.360421
15 15 2
16 15 0
17 15 0.485986
18 15 -1
19 15 0
20 15 0
12 16 0
13 16 -1
14 16 0.42132
15 16 0
16 16 2
17 16 -0.143528
18 16 0
19 16 -1
20 16 0
12 17 0
13 17 0
14 17 -1
15 17 0.485986
16 17 -0.143528
17 17 2.25678
18 17 -0.485986
19 17 0.143528
20 17 -1
15 18 -1
16 18 0
17 18 -0.485986
18 18 2
19 18 0
20 18 0.466964
21 18 -1
22 18 0
23 18 0
15 19 0
16 19 -1
17 19 0.143528
18 19 0
19 19 2
20 19 0.171028
21 19 0
22 19 -1
23 19 0
15 20 0
16 20 0
17 20 -1
18 20 0.466964
19 20 0.171028
20 20 2.24731
21 20 -0.466964
22 20 -0.171028
23 20 -1
18 21 -1
19 21 0
20 21 -0.466964
21 21 2
22 21 0
23 21 0.398607
24 21 -1
25 21 0
26 21 0
18 22 0
19 22 -1
20 22 -0.171028
21 22 0
22 22 2
23 22 0.403305
24 22 0
25 22 -1
26 22 0
18 23 0
19 23 0
20 23 -1
21 23 0.398607
22 23 0.403305
23 23 2.32154
24 23 -0.398607
25 23 -0.403305
26 23 -1
21 24 -1
22 24 0
23 24 -0.398607
24 24 2
25 24 0
26 24 0.11065
27 24 -1
28 24 0
29 24 0
21 25 0
22 25 -1
23 25 -0.403305
24 25 0
25 25 2
26 25 0.532544
27 25 0
28 25 -1
29 25 0
21 26 0
22 26 0
23 26 -1
24 26 0.11065
25 26 0.532544
26 26 2.29585
27 26 -0.11065
28 26 -0.532544
29 26 -1
24 27 -1
25 27 0
26 27 -0.11065
27 27 2
28 27 0
29 27 -0.183732
30 27 -1
31 27 0
32 27 0
24 28 0
25 28 -1
26 28 -0.532544
27 28 0
28 28 2
29 28 0.474016
30 28 0
31 28 -1
32 28 0
24 29 0
25 29 0
26 29 -1
27 29 -0.183732
28 29 0.474016
29 29 2.25845
30 29 0.183732
31 29 -0.474016
32 29 -1
27 30 -1
28 30 0
29 30 0.183732
30 30 2
31 30 0
32 30 -0.350339
33 30 -1
34 30 0
35 30 0
27 31 0
28 31 -1
29 31 -0.474016
30 31 0
31 31 2
32 31 0.364006
33 31 0
34 31 -1
35 31 0
27 32 0
28 32 0
29 32 -1
30 32 -0.350339
31 32 0.364006
32 32 2.25524
33 32 0.350339
34 32 -0.364006
35 32 -1
0 33 -1
1 33 0
2 33 0
30 33 -1
31 33 0
32 33 0.350339
33 33 2
34 33 0
35 33 -0.473351
0 34 0
1 34 -1
2 34 0
30 34 0
31 34 -1
32 34 -0.364006
33 34 0
34 34 2
35 34 0.12789
0 35 0.473351
1 35 -0.12789
2 35 -1
30 35 0
31 35 0
32 35 -1
33 35 -0.473351
34 35 0.12789
35 35 2.24042
