1.000000 -0.146303 0.521450 0.000000 0.000000 0.000000 0.229521 0.973304
2.000000 -0.140469 0.472806 0.000000 0.000000 0.000000 0.274352 0.961629
3.000000 -0.153574 0.460935 0.000000 0.000000 0.000000 0.227530 0.973771
4.000000 -0.124153 0.549113 0.000000 0.000000 0.000000 0.244863 0.969558
5.000000 -0.119121 0.537101 0.000000 0.000000 0.000000 0.288057 0.957613
6.000000 -0.104924 0.486201 0.000000 0.000000 0.000000 0.283845 0.958870
7.000000 -0.138374 0.465843 0.000000 0.000000 0.000000 0.250208 0.968192
8.000000 -0.127593 0.542203 0.000000 0.000000 0.000000 0.280429 0.959875
9.000000 -0.129433 0.522633 0.000000 0.000000 0.000000 0.246372 0.969175
10.000000 -0.157566 0.484192 0.000000 0.000000 0.000000 0.230083 0.973171
11.000000 -0.116292 0.496887 0.000000 0.000000 0.000000 0.229972 0.973197
12.000000 -0.137706 0.480551 0.000000 0.000000 0.000000 0.251221 0.967930
