0.000000 0.000000 0.000000 0.000000 0.000000 0.000000 0.000000 1.000000
1.000000 -0.009827 0.312697 0.000000 0.000000 0.000000 0.031411 0.999507
2.000000 -0.039151 0.622909 0.000000 0.000000 0.000000 0.062791 0.998027
3.000000 -0.087698 0.929426 0.000000 0.000000 0.000000 0.094108 0.995562
4.000000 -0.155122 1.231064 0.000000 0.000000 0.000000 0.125333 0.992115
5.000000 -0.241003 1.526667 0.000000 0.000000 0.000000 0.156434 0.987688
6.000000 -0.344849 1.815112 0.000000 0.000000 0.000000 0.187381 0.982287
7.000000 -0.466104 2.095314 0.000000 0.000000 0.000000 0.218143 0.975917
8.000000 -0.604142 2.366230 0.000000 0.000000 0.000000 0.248690 0.968583
9.000000 -0.758280 2.626863 0.000000 0.000000 0.000000 0.278991 0.960294
10.000000 -0.927772 2.876263 0.000000 0.000000 0.000000 0.309017 0.951057
11.000000 -1.111820 3.113536 0.000000 0.000000 0.000000 0.338738 0.940881
12.000000 -1.309573 3.337842 0.000000 0.000000 0.000000 0.368125 0.929776
13.000000 -1.520131 3.548400 0.000000 0.000000 0.000000 0.397148 0.917755
14.000000 -1.742552 3.744491 0.000000 0.000000 0.000000 0.425779 0.904827
15.000000 -1.975854 3.925459 0.000000 0.000000 0.000000 0.453990 0.891007
16.000000 -2.219019 4.090714 0.000000 0.000000 0.000000 0.481754 0.876307
17.000000 -2.471000 4.239735 0.000000 0.000000 0.000000 0.509041 0.860742
18.000000 -2.730721 4.372069 0.000000 0.000000 0.000000 0.535827 0.844328
19.000000 -2.997086 4.487336 0.000000 0.000000 0.000000 0.562083 0.827081
20.000000 -3.268981 4.585224 0.000000 0.000000 0.000000 0.587785 0.809017
21.000000 -3.545279 4.665496 0.000000 0.000000 0.000000 0.612907 0.790155
22.000000 -3.824846 4.727986 0.000000 0.000000 0.000000 0.637424 0.770513
23.000000 -4.106544 4.772603 0.000000 0.000000 0.000000 0.661312 0.750111
24.000000 -4.389238 4.799325 0.000000 0.000000 0.000000 0.684547 0.728969
25.000000 -4.671795 4.808205 0.000000 0.000000 0.000000 0.707107 0.707107
26.000000 -4.953096 4.799365 0.000000 0.000000 0.000000 0.728969 0.684547
27.000000 -5.232037 4.772997 0.000000 0.000000 0.000000 0.750111 0.661312
28.000000 -5.507530 4.729363 0.000000 0.000000 0.000000 0.770513 0.637424
29.000000 -5.778514 4.668791 0.000000 0.000000 0.000000 0.790155 0.612907
30.000000 -6.043954 4.591674 0.000000 0.000000 0.000000 0.809017 0.587785
31.000000 -6.302845 4.498468 0.000000 0.000000 0.000000 0.827081 0.562083
32.000000 -6.554219 4.389688 0.000000 0.000000 0.000000 0.844328 0.535827
33.000000 -6.797148 4.265910 0.000000 0.000000 0.000000 0.860742 0.509041
34.000000 -7.030744 4.127761 0.000000 0.000000 0.000000 0.876307 0.481754
35.000000 -7.254165 3.975924 0.000000 0.000000 0.000000 0.891007 0.453990
36.000000 -7.466619 3.811128 0.000000 0.000000 0.000000 0.904827 0.425779
37.000000 -7.667364 3.634148 0.000000 0.000000 0.000000 0.917755 0.397148
38.000000 -7.855711 3.445801 0.000000 0.000000 0.000000 0.929776 0.368125
39.000000 -8.031029 3.246941 0.000000 0.000000 0.000000 0.940881 0.338738
40.000000 -8.192745 3.038459 0.000000 0.000000 0.000000 0.951057 0.309017
41.000000 -8.340345 2.821272 0.000000 0.000000 0.000000 0.960294 0.278991
42.000000 -8.473376 2.596328 0.000000 0.000000 0.000000 0.968583 0.248690
43.000000 -8.591451 2.364594 0.000000 0.000000 0.000000 0.975917 0.218143
44.000000 -8.694242 2.127057 0.000000 0.000000 0.000000 0.982287 0.187381
45.000000 -8.781490 1.884716 0.000000 0.000000 0.000000 0.987688 0.156434
46.000000 -8.852999 1.638581 0.000000 0.000000 0.000000 0.992115 0.125333
47.000000 -8.908638 1.389668 0.000000 0.000000 0.000000 0.995562 0.094108
48.000000 -8.948341 1.138994 0.000000 0.000000 0.000000 0.998027 0.062791
49.000000 -8.972107 0.887572 0.000000 0.000000 0.000000 0.999507 0.031411
50.000000 -8.980000 0.636410 0.000000 0.000000 0.000000 1.000000 0.000000
51.000000 -8.972146 0.386504 0.000000 0.000000 0.000000 0.999507 -0.031411
52.000000 -8.948735 0.138835 0.000000 0.000000 0.000000 0.998027 -0.062791
53.000000 -8.910015 -0.105635 0.000000 0.000000 0.000000 0.995562 -0.094108
54.000000 -8.856295 -0.345964 0.000000 0.000000 0.000000 0.992115 -0.125333
55.000000 -8.787941 -0.581240 0.000000 0.000000 0.000000 0.987688 -0.156434
56.000000 -8.705374 -0.810577 0.000000 0.000000 0.000000 0.982287 -0.187381
57.000000 -8.609069 -1.033124 0.000000 0.000000 0.000000 0.975917 -0.218143
58.000000 -8.499551 -1.248066 0.000000 0.000000 0.000000 0.968583 -0.248690
59.000000 -8.377392 -1.454625 0.000000 0.000000 0.000000 0.960294 -0.278991
60.000000 -8.243211 -1.652068 0.000000 0.000000 0.000000 0.951057 -0.309017
61.000000 -8.097667 -1.839702 0.000000 0.000000 0.000000 0.940881 -0.338738
62.000000 -7.941459 -2.016885 0.000000 0.000000 0.000000 0.929776 -0.368125
63.000000 -7.775322 -2.183021 0.000000 0.000000 0.000000 0.917755 -0.397148
64.000000 -7.600024 -2.337567 0.000000 0.000000 0.000000 0.904827 -0.425779
65.000000 -7.416361 -2.480031 0.000000 0.000000 0.000000 0.891007 -0.453990
66.000000 -7.225154 -2.609975 0.000000 0.000000 0.000000 0.876307 -0.481754
67.000000 -7.027246 -2.727018 0.000000 0.000000 0.000000 0.860742 -0.509041
68.000000 -6.823499 -2.830832 0.000000 0.000000 0.000000 0.844328 -0.535827
69.000000 -6.614789 -2.921149 0.000000 0.000000 0.000000 0.827081 -0.562083
70.000000 -6.402002 -2.997757 0.000000 0.000000 0.000000 0.809017 -0.587785
71.000000 -6.186031 -3.060502 0.000000 0.000000 0.000000 0.790155 -0.612907
72.000000 -5.967773 -3.109289 0.000000 0.000000 0.000000 0.770513 -0.637424
73.000000 -5.748122 -3.144078 0.000000 0.000000 0.000000 0.750111 -0.661312
74.000000 -5.527972 -3.164888 0.000000 0.000000 0.000000 0.728969 -0.684547
75.000000 -5.308205 -3.171795 0.000000 0.000000 0.000000 0.707107 -0.707107
76.000000 -5.089694 -3.164928 0.000000 0.000000 0.000000 -0.684547 0.728969
77.000000 -4.873296 -3.144472 0.000000 0.000000 0.000000 -0.661312 0.750111
78.000000 -4.659851 -3.110666 0.000000 0.000000 0.000000 -0.637424 0.770513
79.000000 -4.450176 -3.063798 0.000000 0.000000 0.000000 -0.612907 0.790155
80.000000 -4.245063 -3.004207 0.000000 0.000000 0.000000 -0.587785 0.809017
81.000000 -4.045280 -2.932281 0.000000 0.000000 0.000000 -0.562083 0.827081
82.000000 -3.851560 -2.848451 0.000000 0.000000 0.000000 -0.535827 0.844328
83.000000 -3.664606 -2.753193 0.000000 0.000000 0.000000 -0.509041 0.860742
84.000000 -3.485083 -2.647023 0.000000 0.000000 0.000000 -0.481754 0.876307
85.000000 -3.313620 -2.530497 0.000000 0.000000 0.000000 -0.453990 0.891007
86.000000 -3.150805 -2.404205 0.000000 0.000000 0.000000 -0.425779 0.904827
87.000000 -2.997183 -2.268769 0.000000 0.000000 0.000000 -0.397148 0.917755
88.000000 -2.853258 -2.124844 0.000000 0.000000 0.000000 -0.368125 0.929776
89.000000 -2.719484 -1.973107 0.000000 0.000000 0.000000 -0.338738 0.940881
90.000000 -2.596272 -1.814263 0.000000 0.000000 0.000000 -0.309017 0.951057
91.000000 -2.483983 -1.649035 0.000000 0.000000 0.000000 -0.278991 0.960294
92.000000 -2.382930 -1.478164 0.000000 0.000000 0.000000 -0.248690 0.968583
93.000000 -2.293376 -1.302405 0.000000 0.000000 0.000000 -0.218143 0.975917
94.000000 -2.215534 -1.122522 0.000000 0.000000 0.000000 -0.187381 0.982287
95.000000 -2.149566 -0.939288 0.000000 0.000000 0.000000 -0.156434 0.987688
96.000000 -2.095584 -0.753481 0.000000 0.000000 0.000000 -0.125333 0.992115
97.000000 -2.053650 -0.565877 0.000000 0.000000 0.000000 -0.094108 0.995562
98.000000 -2.023774 -0.377251 0.000000 0.000000 0.000000 -0.062791 0.998027
99.000000 -2.005920 -0.188372 0.000000 0.000000 0.000000 -0.031411 0.999507
100.000000 -2.000000 -0.000000 0.000000 0.000000 0.000000 -0.000000 1.000000
101.000000 0.000000 0.000000 0.000000 -0.000000 -0.000000 0.000000 1.000000
