0.000000 0.000000 0.000000 0.000000 0.000000 0.000000 0.000000 1.000000
1.000000 -0.009866 0.313953 0.000000 0.000000 0.000000 0.031411 0.999507
2.000000 -0.039426 0.626666 0.000000 0.000000 0.000000 0.062791 0.998027
3.000000 -0.088564 0.936907 0.000000 0.000000 0.000000 0.094108 0.995562
4.000000 -0.157084 1.243449 0.000000 0.000000 0.000000 0.125333 0.992115
5.000000 -0.244717 1.545085 0.000000 0.000000 0.000000 0.156434 0.987688
6.000000 -0.351118 1.840623 0.000000 0.000000 0.000000 0.187381 0.982287
7.000000 -0.475865 2.128896 0.000000 0.000000 0.000000 0.218143 0.975917
8.000000 -0.618467 2.408768 0.000000 0.000000 0.000000 0.248690 0.968583
9.000000 -0.778360 2.679134 0.000000 0.000000 0.000000 0.278991 0.960294
10.000000 -0.954915 2.938926 0.000000 0.000000 0.000000 0.309017 0.951057
11.000000 -1.147434 3.187120 0.000000 0.000000 0.000000 0.338738 0.940881
12.000000 -1.355157 3.422736 0.000000 0.000000 0.000000 0.368125 0.929776
13.000000 -1.577264 3.644843 0.000000 0.000000 -0.000000 0.397148 0.917755
14.000000 -1.812880 3.852566 0.000000 0.000000 -0.000000 0.425779 0.904827
15.000000 -2.061074 4.045085 0.000000 0.000000 -0.000000 0.453990 0.891007
16.000000 -2.320866 4.221640 0.000000 0.000000 -0.000000 0.481754 0.876307
17.000000 -2.591232 4.381533 0.000000 0.000000 -0.000000 0.509041 0.860742
18.000000 -2.871104 4.524135 0.000000 0.000000 -0.000000 0.535827 0.844328
19.000000 -3.159377 4.648882 0.000000 0.000000 -0.000000 0.562083 0.827081
20.000000 -3.454915 4.755283 0.000000 0.000000 -0.000000 0.587785 0.809017
21.000000 -3.756551 4.842916 0.000000 0.000000 -0.000000 0.612907 0.790155
22.000000 -4.063093 4.911436 0.000000 0.000000 -0.000000 0.637424 0.770513
23.000000 -4.373334 4.960574 0.000000 0.000000 -0.000000 0.661312 0.750111
24.000000 -4.686047 4.990134 0.000000 0.000000 -0.000000 0.684547 0.728969
25.000000 -5.000000 5.000000 0.000000 0.000000 -0.000000 0.707107 0.707107
26.000000 -5.313953 4.990134 0.000000 0.000000 0.000000 0.728969 0.684547
27.000000 -5.626666 4.960574 0.000000 0.000000 0.000000 0.750111 0.661312
28.000000 -5.936907 4.911436 0.000000 0.000000 0.000000 0.770513 0.637424
29.000000 -6.243449 4.842916 0.000000 0.000000 0.000000 0.790155 0.612907
30.000000 -6.545085 4.755283 0.000000 0.000000 0.000000 0.809017 0.587785
31.000000 -6.840623 4.648882 0.000000 0.000000 0.000000 0.827081 0.562083
32.000000 -7.128896 4.524135 0.000000 0.000000 0.000000 0.844328 0.535827
33.000000 -7.408768 4.381533 0.000000 0.000000 0.000000 0.860742 0.509041
34.000000 -7.679134 4.221640 0.000000 0.000000 0.000000 0.876307 0.481754
35.000000 -7.938926 4.045085 0.000000 0.000000 0.000000 0.891007 0.453990
36.000000 -8.187120 3.852566 0.000000 0.000000 0.000000 0.904827 0.425779
37.000000 -8.422736 3.644843 0.000000 0.000000 0.000000 0.917755 0.397148
38.000000 -8.644843 3.422736 0.000000 0.000000 0.000000 0.929776 0.368125
39.000000 -8.852566 3.187120 0.000000 0.000000 0.000000 0.940881 0.338738
40.000000 -9.045085 2.938926 0.000000 0.000000 0.000000 0.951057 0.309017
41.000000 -9.221640 2.679134 0.000000 0.000000 0.000000 0.960294 0.278991
42.000000 -9.381533 2.408768 0.000000 0.000000 0.000000 0.968583 0.248690
43.000000 -9.524135 2.128896 0.000000 0.000000 0.000000 0.975917 0.218143
44.000000 -9.648882 1.840623 0.000000 0.000000 0.000000 0.982287 0.187381
45.000000 -9.755283 1.545085 0.000000 0.000000 0.000000 0.987688 0.156434
46.000000 -9.842916 1.243449 0.000000 0.000000 0.000000 0.992115 0.125333
47.000000 -9.911436 0.936907 0.000000 0.000000 0.000000 0.995562 0.094108
48.000000 -9.960574 0.626666 0.000000 0.000000 0.000000 0.998027 0.062791
49.000000 -9.990134 0.313953 0.000000 0.000000 0.000000 0.999507 0.031411
50.000000 -10.000000 0.000000 0.000000 0.000000 0.000000 1.000000 0.000000
51.000000 -9.990134 -0.313953 0.000000 0.000000 0.000000 0.999507 -0.031411
52.000000 -9.960574 -0.626666 0.000000 0.000000 0.000000 0.998027 -0.062791
53.000000 -9.911436 -0.936907 0.000000 0.000000 0.000000 0.995562 -0.094108
54.000000 -9.842916 -1.243449 0.000000 0.000000 0.000000 0.992115 -0.125333
55.000000 -9.755283 -1.545085 0.000000 0.000000 0.000000 0.987688 -0.156434
56.000000 -9.648882 -1.840623 0.000000 0.000000 0.000000 0.982287 -0.187381
57.000000 -9.524135 -2.128896 0.000000 0.000000 0.000000 0.975917 -0.218143
58.000000 -9.381533 -2.408768 0.000000 0.000000 0.000000 0.968583 -0.248690
59.000000 -9.221640 -2.679134 0.000000 0.000000 0.000000 0.960294 -0.278991
60.000000 -9.045085 -2.938926 0.000000 0.000000 0.000000 0.951057 -0.309017
61.000000 -8.852566 -3.187120 0.000000 0.000000 0.000000 0.940881 -0.338738
62.000000 -8.644843 -3.422736 0.000000 0.000000 0.000000 0.929776 -0.368125
63.000000 -8.422736 -3.644843 0.000000 0.000000 0.000000 0.917755 -0.397148
64.000000 -8.187120 -3.852566 0.000000 0.000000 0.000000 0.904827 -0.425779
65.000000 -7.938926 -4.045085 0.000000 0.000000 0.000000 0.891007 -0.453990
66.000000 -7.679134 -4.221640 0.000000 0.000000 0.000000 0.876307 -0.481754
67.000000 -7.408768 -4.381533 0.000000 0.000000 0.000000 0.860742 -0.509041
68.000000 -7.128896 -4.524135 0.000000 0.000000 0.000000 0.844328 -0.535827
69.000000 -6.840623 -4.648882 0.000000 0.000000 0.000000 0.827081 -0.562083
70.000000 -6.545085 -4.755283 0.000000 0.000000 0.000000 0.809017 -0.587785
71.000000 -6.243449 -4.842916 0.000000 0.000000 0.000000 0.790155 -0.612907
72.000000 -5.936907 -4.911436 0.000000 0.000000 0.000000 0.770513 -0.637424
73.000000 -5.626666 -4.960574 0.000000 0.000000 0.000000 0.750111 -0.661312
74.000000 -5.313953 -4.990134 0.000000 0.000000 0.000000 0.728969 -0.684547
75.000000 -5.000000 -5.000000 0.000000 0.000000 0.000000 0.707107 -0.707107
76.000000 -4.686047 -4.990134 0.000000 0.000000 0.000000 -0.684547 0.728969
77.000000 -4.373334 -4.960574 0.000000 0.000000 0.000000 -0.661312 0.750111
78.000000 -4.063093 -4.911436 0.000000 0.000000 0.000000 -0.637424 0.770513
79.000000 -3.756551 -4.842916 0.000000 0.000000 0.000000 -0.612907 0.790155
80.000000 -3.454915 -4.755283 0.000000 0.000000 0.000000 -0.587785 0.809017
81.000000 -3.159377 -4.648882 0.000000 0.000000 0.000000 -0.562083 0.827081
82.000000 -2.871104 -4.524135 0.000000 0.000000 0.000000 -0.535827 0.844328
83.000000 -2.591232 -4.381533 0.000000 0.000000 0.000000 -0.509041 0.860742
84.000000 -2.320866 -4.221640 0.000000 0.000000 0.000000 -0.481754 0.876307
85.000000 -2.061074 -4.045085 0.000000 0.000000 0.000000 -0.453990 0.891007
86.000000 -1.812880 -3.852566 0.000000 0.000000 0.000000 -0.425779 0.904827
87.000000 -1.577264 -3.644843 0.000000 0.000000 0.000000 -0.397148 0.917755
88.000000 -1.355157 -3.422736 0.000000 0.000000 0.000000 -0.368125 0.929776
89.000000 -1.147434 -3.187120 0.000000 0.000000 0.000000 -0.338738 0.940881
90.000000 -0.954915 -2.938926 0.000000 0.000000 0.000000 -0.309017 0.951057
91.000000 -0.778360 -2.679134 0.000000 0.000000 0.000000 -0.278991 0.960294
92.000000 -0.618467 -2.408768 0.000000 0.000000 0.000000 -0.248690 0.968583
93.000000 -0.475865 -2.128896 0.000000 0.000000 0.000000 -0.218143 0.975917
94.000000 -0.351118 -1.840623 0.000000 0.000000 0.000000 -0.187381 0.982287
95.000000 -0.244717 -1.545085 0.000000 0.000000 0.000000 -0.156434 0.987688
96.000000 -0.157084 -1.243449 0.000000 0.000000 0.000000 -0.125333 0.992115
97.000000 -0.088564 -0.936907 0.000000 0.000000 0.000000 -0.094108 0.995562
98.000000 -0.039426 -0.626666 0.000000 0.000000 0.000000 -0.062791 0.998027
99.000000 -0.009866 -0.313953 0.000000 0.000000 0.000000 -0.031411 0.999507
100.000000 -0.000000 -0.000000 0.000000 0.000000 0.000000 -0.000000 1.000000
