101
0 1 -0.0098268924272076 -0.312696787255981 -0 -0 -0 -0.0314107590781283 0.999506560365732 1
1 2 -0.00978742699577304 -0.311440976865394 -0 -0 -0 -0.0314107590781283 0.999506560365732 1
2 3 -0.00974796156433847 -0.310185166474808 -0 -0 -0 -0.0314107590781283 0.999506560365732 1
3 4 -0.0097084961329039 -0.308929356084222 -0 -0 -0 -0.0314107590781283 0.999506560365732 1
4 5 -0.00966903070146933 -0.307673545693636 -0 -0 -0 -0.0314107590781283 0.999506560365732 1
5 6 -0.00962956527003476 -0.306417735303049 -0 -0 -0 -0.0314107590781283 0.999506560365732 1
6 7 -0.00959009983860019 -0.305161924912463 -0 -0 -0 -0.0314107590781283 0.999506560365732 1
7 8 -0.00955063440716562 -0.303906114521877 -0 -0 -0 -0.0314107590781283 0.999506560365732 1
8 9 -0.00951116897573105 -0.302650304131291 -0 -0 -0 -0.0314107590781283 0.999506560365732 1
9 10 -0.00947170354429648 -0.301394493740704 -0 -0 -0 -0.0314107590781283 0.999506560365732 1
10 11 -0.00943223811286192 -0.300138683350118 -0 -0 -0 -0.0314107590781283 0.999506560365732 1
11 12 -0.00939277268142735 -0.298882872959532 -0 -0 -0 -0.0314107590781283 0.999506560365732 1
12 13 -0.00935330724999278 -0.297627062568945 -0 -0 -0 -0.0314107590781283 0.999506560365732 1
13 14 -0.00931384181855821 -0.296371252178359 -0 -0 -0 -0.0314107590781283 0.999506560365732 1
14 15 -0.00927437638712364 -0.295115441787773 -0 -0 -0 -0.0314107590781283 0.999506560365732 1
15 16 -0.00923491095568907 -0.293859631397187 -0 -0 -0 -0.0314107590781283 0.999506560365732 1
16 17 -0.0091954455242545 -0.2926038210066 -0 -0 -0 -0.0314107590781283 0.999506560365732 1
17 18 -0.00915598009281994 -0.291348010616014 -0 -0 -0 -0.0314107590781283 0.999506560365732 1
18 19 -0.00911651466138537 -0.290092200225428 -0 -0 -0 -0.0314107590781283 0.999506560365732 1
19 20 -0.0090770492299508 -0.288836389834842 -0 -0 -0 -0.0314107590781283 0.999506560365732 1
20 21 -0.00903758379851623 -0.287580579444255 -0 -0 -0 -0.0314107590781283 0.999506560365732 1
21 22 -0.00899811836708166 -0.286324769053669 -0 -0 -0 -0.0314107590781283 0.999506560365732 1
22 23 -0.00895865293564709 -0.285068958663083 -0 -0 -0 -0.0314107590781283 0.999506560365732 1
23 24 -0.00891918750421252 -0.283813148272496 -0 -0 -0 -0.0314107590781283 0.999506560365732 1
24 25 -0.00887972207277796 -0.28255733788191 -0 -0 -0 -0.0314107590781283 0.999506560365732 1
25 26 -0.00884025664134339 -0.281301527491324 -0 -0 -0 -0.0314107590781283 0.999506560365732 1
26 27 -0.00880079120990882 -0.280045717100738 -0 -0 -0 -0.0314107590781283 0.999506560365732 1
27 28 -0.00876132577847425 -0.278789906710151 -0 -0 -0 -0.0314107590781283 0.999506560365732 1
28 29 -0.00872186034703968 -0.277534096319565 -0 -0 -0 -0.0314107590781283 0.999506560365732 1
29 30 -0.00868239491560511 -0.276278285928979 -0 -0 -0 -0.0314107590781283 0.999506560365732 1
30 31 -0.00864292948417054 -0.275022475538393 -0 -0 -0 -0.0314107590781283 0.999506560365732 1
31 32 -0.00860346405273597 -0.273766665147806 -0 -0 -0 -0.0314107590781283 0.999506560365732 1
32 33 -0.00856399862130141 -0.27251085475722 -0 -0 -0 -0.0314107590781283 0.999506560365732 1
33 34 -0.00852453318986684 -0.271255044366634 -0 -0 -0 -0.0314107590781283 0.999506560365732 1
34 35 -0.00848506775843227 -0.269999233976048 -0 -0 -0 -0.0314107590781283 0.999506560365732 1
35 36 -0.0084456023269977 -0.268743423585461 -0 -0 -0 -0.0314107590781283 0.999506560365732 1
36 37 -0.00840613689556313 -0.267487613194875 -0 -0 -0 -0.0314107590781283 0.999506560365732 1
37 38 -0.00836667146412856 -0.266231802804289 -0 -0 -0 -0.0314107590781283 0.999506560365732 1
38 39 -0.00832720603269399 -0.264975992413702 -0 -0 -0 -0.0314107590781283 0.999506560365732 1
39 40 -0.00828774060125942 -0.263720182023116 -0 -0 -0 -0.0314107590781283 0.999506560365732 1
40 41 -0.00824827516982485 -0.26246437163253 -0 -0 -0 -0.0314107590781283 0.999506560365732 1
41 42 -0.00820880973839029 -0.261208561241944 -0 -0 -0 -0.0314107590781283 0.999506560365732 1
42 43 -0.00816934430695572 -0.259952750851357 -0 -0 -0 -0.0314107590781283 0.999506560365732 1
43 44 -0.00812987887552115 -0.258696940460771 -0 -0 -0 -0.0314107590781283 0.999506560365732 1
44 45 -0.00809041344408658 -0.257441130070185 -0 -0 -0 -0.0314107590781283 0.999506560365732 1
45 46 -0.00805094801265201 -0.256185319679599 -0 -0 -0 -0.0314107590781283 0.999506560365732 1
46 47 -0.00801148258121744 -0.254929509289012 -0 -0 -0 -0.0314107590781283 0.999506560365732 1
47 48 -0.00797201714978287 -0.253673698898426 -0 -0 -0 -0.0314107590781283 0.999506560365732 1
48 49 -0.00793255171834831 -0.25241788850784 -0 -0 -0 -0.0314107590781283 0.999506560365732 1
49 50 -0.00789308628691374 -0.251162078117254 -0 -0 -0 -0.0314107590781283 0.999506560365732 1
50 51 -0.00785362085547917 -0.249906267726667 -0 -0 -0 -0.0314107590781283 0.999506560365732 1
51 52 -0.0078141554240446 -0.248650457336081 -0 -0 -0 -0.0314107590781283 0.999506560365732 1
52 53 -0.00777468999261003 -0.247394646945495 -0 -0 -0 -0.0314107590781283 0.999506560365732 1
53 54 -0.00773522456117546 -0.246138836554908 -0 -0 -0 -0.0314107590781283 0.999506560365732 1
54 55 -0.00769575912974089 -0.244883026164322 -0 -0 -0 -0.0314107590781283 0.999506560365732 1
55 56 -0.00765629369830633 -0.243627215773736 -0 -0 -0 -0.0314107590781283 0.999506560365732 1
56 57 -0.00761682826687176 -0.24237140538315 -0 -0 -0 -0.0314107590781283 0.999506560365732 1
57 58 -0.00757736283543719 -0.241115594992563 -0 -0 -0 -0.0314107590781283 0.999506560365732 1
58 59 -0.00753789740400262 -0.239859784601977 -0 -0 -0 -0.0314107590781283 0.999506560365732 1
59 60 -0.00749843197256805 -0.238603974211391 -0 -0 -0 -0.0314107590781283 0.999506560365732 1
60 61 -0.00745896654113348 -0.237348163820805 -0 -0 -0 -0.0314107590781283 0.999506560365732 1
61 62 -0.00741950110969891 -0.236092353430218 -0 -0 -0 -0.0314107590781283 0.999506560365732 1
62 63 -0.00738003567826434 -0.234836543039632 -0 -0 -0 -0.0314107590781283 0.999506560365732 1
63 64 -0.00734057024682978 -0.233580732649046 -0 -0 -0 -0.0314107590781283 0.999506560365732 1
64 65 -0.00730110481539521 -0.23232492225846 -0 -0 -0 -0.0314107590781283 0.999506560365732 1
65 66 -0.00726163938396064 -0.231069111867873 -0 -0 -0 -0.0314107590781283 0.999506560365732 1
66 67 -0.00722217395252607 -0.229813301477287 -0 -0 -0 -0.0314107590781283 0.999506560365732 1
67 68 -0.0071827085210915 -0.228557491086701 -0 -0 -0 -0.0314107590781283 0.999506560365732 1
68 69 -0.00714324308965693 -0.227301680696114 -0 -0 -0 -0.0314107590781283 0.999506560365732 1
69 70 -0.00710377765822236 -0.226045870305528 -0 -0 -0 -0.0314107590781283 0.999506560365732 1
70 71 -0.00706431222678779 -0.224790059914942 -0 -0 -0 -0.0314107590781283 0.999506560365732 1
71 72 -0.00702484679535323 -0.223534249524356 -0 -0 -0 -0.0314107590781283 0.999506560365732 1
72 73 -0.00698538136391866 -0.222278439133769 -0 -0 -0 -0.0314107590781283 0.999506560365732 1
73 74 -0.00694591593248409 -0.221022628743183 -0 -0 -0 -0.0314107590781283 0.999506560365732 1
74 75 -0.00690645050104952 -0.219766818352597 -0 -0 -0 -0.0314107590781283 0.999506560365732 1
75 76 -0.00686698506961495 -0.218511007962011 -0 -0 -0 -0.0314107590781283 0.999506560365732 1
76 77 -0.00682751963818038 -0.217255197571424 -0 -0 -0 -0.0314107590781283 0.999506560365732 1
77 78 -0.00678805420674581 -0.215999387180838 -0 -0 -0 -0.0314107590781283 0.999506560365732 1
78 79 -0.00674858877531125 -0.214743576790252 -0 -0 -0 -0.0314107590781283 0.999506560365732 1
79 80 -0.00670912334387668 -0.213487766399665 -0 -0 -0 -0.0314107590781283 0.999506560365732 1
80 81 -0.00666965791244211 -0.212231956009079 -0 -0 -0 -0.0314107590781283 0.999506560365732 1
81 82 -0.00663019248100754 -0.210976145618493 -0 -0 -0 -0.0314107590781283 0.999506560365732 1
82 83 -0.00659072704957297 -0.209720335227907 -0 -0 -0 -0.0314107590781283 0.999506560365732 1
83 84 -0.0065512616181384 -0.20846452483732 -0 -0 -0 -0.0314107590781283 0.999506560365732 1
84 85 -0.00651179618670383 -0.207208714446734 -0 -0 -0 -0.0314107590781283 0.999506560365732 1
85 86 -0.00647233075526926 -0.205952904056148 -0 -0 -0 -0.0314107590781283 0.999506560365732 1
86 87 -0.0064328653238347 -0.204697093665562 -0 -0 -0 -0.0314107590781283 0.999506560365732 1
87 88 -0.00639339989240013 -0.203441283274975 -0 -0 -0 -0.0314107590781283 0.999506560365732 1
88 89 -0.00635393446096556 -0.202185472884389 -0 -0 -0 -0.0314107590781283 0.999506560365732 1
89 90 -0.00631446902953099 -0.200929662493803 -0 -0 -0 -0.0314107590781283 0.999506560365732 1
90 91 -0.00627500359809642 -0.199673852103217 -0 -0 -0 -0.0314107590781283 0.999506560365732 1
91 92 -0.00623553816666185 -0.19841804171263 -0 -0 -0 -0.0314107590781283 0.999506560365732 1
92 93 -0.00619607273522728 -0.197162231322044 -0 -0 -0 -0.0314107590781283 0.999506560365732 1
93 94 -0.00615660730379272 -0.195906420931458 -0 -0 -0 -0.0314107590781283 0.999506560365732 1
94 95 -0.00611714187235815 -0.194650610540871 -0 -0 -0 -0.0314107590781283 0.999506560365732 1
95 96 -0.00607767644092358 -0.193394800150285 -0 -0 -0 -0.0314107590781283 0.999506560365732 1
96 97 -0.00603821100948901 -0.192138989759699 -0 -0 -0 -0.0314107590781283 0.999506560365732 1
97 98 -0.00599874557805444 -0.190883179369113 -0 -0 -0 -0.0314107590781283 0.999506560365732 1
98 99 -0.00595928014661987 -0.189627368978526 -0 -0 -0 -0.0314107590781283 0.999506560365732 1
99 100 -0.0059198147151853 -0.18837155858794 -0 -0 -0 -0.0314107590781283 0.999506560365732 1
0 100 7.61963409035005e-14 2.53130849614536e-15 0 0 0 -3.4555691641458e-16 -0.600000000000003 0.6
