0 0 0 0 0 0 0 1 1
1 -0.00986635785864217 -0.313952597646567 0 0 0 -0.0314107590781283 0.999506560365732 1
2 -0.0394264934276108 -0.626666167821521 0 0 0 -0.0627905195293134 0.998026728428272 1
3 -0.0885637463565566 -0.936906572928623 0 0 0 -0.0941083133185143 0.99556196460308 1
4 -0.157084194356844 -1.24344943582427 0 0 0 -0.125333233564304 0.992114701314478 1
5 -0.244717418524232 -1.54508497187474 0 0 0 -0.156434465040231 0.987688340595138 1
6 -0.351117570558743 -1.84062276342339 0 0 0 -0.187381314585725 0.982287250728689 1
7 -0.475864737669903 -2.12889645782536 0 0 0 -0.218143241396543 0.975916761938748 1
8 -0.618466599780682 -2.40876837050858 0 0 0 -0.248689887164855 0.968583161128631 1
9 -0.778360372489925 -2.67913397489499 0 0 0 -0.278991106039229 0.960293685676943 1
10 -0.954915028125264 -2.93892626146237 0 0 0 -0.309016994374948 0.951056516295154 1
11 -1.14743378612106 -3.18711994874345 0 0 0 -0.338737920245292 0.940880768954226 1
12 -1.35515686289294 -3.42273552964345 0 0 0 -0.368124552684678 0.929776485888252 1
13 -1.57726447035656 -3.64484313710706 0 0 0 -0.397147890634781 0.917754625683982 1
14 -1.81288005125655 -3.85256621387895 0 0 0 -0.425779291565073 0.90482705246602 1
15 -2.06107373853764 -4.04508497187474 0 0 0 -0.453990499739547 0.891006524188368 1
16 -2.32086602510502 -4.22163962751008 0 0 0 -0.481753674101716 0.876306680043864 1
17 -2.59123162949143 -4.38153340021933 0 0 0 -0.509041415750372 0.860742027003944 1
18 -2.87110354217464 -4.52413526233011 0 0 0 -0.535826794978997 0.844327925502016 1
19 -3.15937723657662 -4.64888242944127 0 0 0 -0.562083377852131 0.827080574274563 1
20 -3.45491502812527 -4.75528258147578 0 0 0 -0.587785252292474 0.809016994374948 1
21 -3.75655056417573 -4.84291580564317 0 0 0 -0.612907053652977 0.790155012375691 1
22 -4.06309342707139 -4.91143625364346 0 0 0 -0.63742398974869 0.77051324277579 1
23 -4.37333383217849 -4.9605735065724 0 0 0 -0.661311865323652 0.75011106963046 1
24 -4.68604740235345 -4.99013364214137 0 0 0 -0.684547105928689 0.728968627421413 1
25 -5.00000000000002 -5.00000000000002 0 0 0 -0.707106781186548 0.707106781186549 1
26 -5.31395259764659 -4.99013364214137 0 0 0 -0.728968627421412 0.68454710592869 1
27 -5.62666616782154 -4.9605735065724 0 0 0 -0.75011106963046 0.661311865323653 1
28 -5.93690657292865 -4.91143625364346 0 0 0 -0.77051324277579 0.637423989748691 1
29 -6.2434494358243 -4.84291580564317 0 0 0 -0.790155012375691 0.612907053652977 1
30 -6.54508497187476 -4.75528258147578 0 0 0 -0.809016994374948 0.587785252292474 1
31 -6.84062276342342 -4.64888242944127 0 0 0 -0.827080574274563 0.562083377852132 1
32 -7.12889645782539 -4.52413526233011 0 0 0 -0.844327925502016 0.535826794978998 1
33 -7.40876837050861 -4.38153340021933 0 0 0 -0.860742027003945 0.509041415750372 1
34 -7.67913397489502 -4.22163962751009 0 0 0 -0.876306680043865 0.481753674101716 1
35 -7.9389262614624 -4.04508497187475 0 0 0 -0.891006524188369 0.453990499739548 1
36 -8.18711994874349 -3.85256621387895 0 0 0 -0.904827052466021 0.425779291565074 1
37 -8.42273552964349 -3.64484313710706 0 0 0 -0.917754625683983 0.397147890634782 1
38 -8.6448431371071 -3.42273552964345 0 0 0 -0.929776485888253 0.368124552684679 1
39 -8.85256621387899 -3.18711994874345 0 0 0 -0.940880768954227 0.338737920245292 1
40 -9.04508497187479 -2.93892626146236 0 0 0 -0.951056516295155 0.309016994374948 1
41 -9.22163962751013 -2.67913397489498 0 0 0 -0.960293685676945 0.27899110603923 1
42 -9.38153340021937 -2.40876837050857 0 0 0 -0.968583161128633 0.248689887164856 1
43 -9.52413526233016 -2.12889645782535 0 0 0 -0.975916761938749 0.218143241396543 1
44 -9.64888242944131 -1.84062276342338 0 0 0 -0.982287250728691 0.187381314585725 1
45 -9.75528258147583 -1.54508497187472 0 0 0 -0.98768834059514 0.156434465040232 1
46 -9.84291580564322 -1.24344943582426 0 0 0 -0.99211470131448 0.125333233564305 1
47 -9.91143625364351 -0.936906572928601 0 0 0 -0.995561964603082 0.0941083133185149 1
48 -9.96057350657245 -0.626666167821496 0 0 0 -0.998026728428274 0.0627905195293139 1
49 -9.99013364214142 -0.313952597646538 0 0 0 -0.999506560365734 0.0314107590781288 1
50 -10.0000000000001 3.30846461338297e-14 0 0 0 -1 4.09394740330526e-16 1
51 -9.99013364214143 0.313952597646604 0 0 0 -0.999506560365734 -0.031410759078128 1
52 -9.96057350657246 0.626666167821563 0 0 0 -0.998026728428274 -0.0627905195293131 1
53 -9.91143625364351 0.936906572928669 0 0 0 -0.995561964603083 -0.0941083133185141 1
54 -9.84291580564322 1.24344943582432 0 0 0 -0.99211470131448 -0.125333233564304 1
55 -9.75528258147584 1.54508497187479 0 0 0 -0.98768834059514 -0.156434465040231 1
56 -9.64888242944132 1.84062276342345 0 0 0 -0.982287250728691 -0.187381314585725 1
57 -9.52413526233016 2.12889645782543 0 0 0 -0.97591676193875 -0.218143241396543 1
58 -9.38153340021938 2.40876837050864 0 0 0 -0.968583161128634 -0.248689887164855 1
59 -9.22163962751014 2.67913397489506 0 0 0 -0.960293685676946 -0.27899110603923 1
60 -9.0450849718748 2.93892626146244 0 0 0 -0.951056516295156 -0.309016994374948 1
61 -8.852566213879 3.18711994874353 0 0 0 -0.940880768954228 -0.338737920245292 1
62 -8.64484313710711 3.42273552964353 0 0 0 -0.929776485888254 -0.368124552684679 1
63 -8.42273552964349 3.64484313710715 0 0 0 -0.917754625683984 -0.397147890634781 1
64 -8.1871199487435 3.85256621387904 0 0 0 -0.904827052466022 -0.425779291565074 1
65 -7.93892626146241 4.04508497187483 0 0 0 -0.891006524188371 -0.453990499739548 1
66 -7.67913397489502 4.22163962751018 0 0 0 -0.876306680043866 -0.481753674101716 1
67 -7.40876837050861 4.38153340021942 0 0 0 -0.860742027003946 -0.509041415750372 1
68 -7.12889645782539 4.5241352623302 0 0 0 -0.844327925502018 -0.535826794978998 1
69 -6.84062276342341 4.64888242944137 0 0 0 -0.827080574274565 -0.562083377852132 1
70 -6.54508497187476 4.75528258147588 0 0 0 -0.80901699437495 -0.587785252292475 1
71 -6.24344943582429 4.84291580564327 0 0 0 -0.790155012375693 -0.612907053652978 1
72 -5.93690657292863 4.91143625364356 0 0 0 -0.770513242775792 -0.637423989748691 1
73 -5.62666616782152 4.9605735065725 0 0 0 -0.750111069630462 -0.661311865323654 1
74 -5.31395259764656 4.99013364214147 0 0 0 -0.728968627421414 -0.684547105928691 1
75 -4.99999999999999 5.00000000000012 0 0 0 -0.70710678118655 -0.707106781186549 1
76 -4.68604740235341 4.99013364214147 0 0 0 -0.684547105928692 -0.728968627421414 1
77 -4.37333383217845 4.9605735065725 0 0 0 -0.661311865323655 -0.750111069630462 1
78 -4.06309342707134 4.91143625364356 0 0 0 -0.637423989748692 -0.770513242775792 1
79 -3.75655056417569 4.84291580564327 0 0 0 -0.612907053652979 -0.790155012375693 1
80 -3.45491502812522 4.75528258147588 0 0 0 -0.587785252292476 -0.80901699437495 1
81 -3.15937723657656 4.64888242944137 0 0 0 -0.562083377852133 -0.827080574274565 1
82 -2.87110354217458 4.52413526233021 0 0 0 -0.535826794978999 -0.844327925502018 1
83 -2.59123162949136 4.38153340021942 0 0 0 -0.509041415750374 -0.860742027003947 1
84 -2.32086602510495 4.22163962751018 0 0 0 -0.481753674101718 -0.876306680043867 1
85 -2.06107373853756 4.04508497187484 0 0 0 -0.453990499739549 -0.891006524188371 1
86 -1.81288005125647 3.85256621387904 0 0 0 -0.425779291565075 -0.904827052466023 1
87 -1.57726447035647 3.64484313710715 0 0 0 -0.397147890634783 -0.917754625683985 1
88 -1.35515686289285 3.42273552964353 0 0 0 -0.36812455268468 -0.929776485888255 1
89 -1.14743378612096 3.18711994874353 0 0 0 -0.338737920245293 -0.940880768954229 1
90 -0.954915028125161 2.93892626146244 0 0 0 -0.309016994374949 -0.951056516295157 1
91 -0.778360372489819 2.67913397489505 0 0 0 -0.278991106039231 -0.960293685676947 1
92 -0.618466599780572 2.40876837050864 0 0 0 -0.248689887164856 -0.968583161128635 1
93 -0.475864737669789 2.12889645782542 0 0 0 -0.218143241396544 -0.975916761938752 1
94 -0.351117570558626 1.84062276342344 0 0 0 -0.187381314585726 -0.982287250728693 1
95 -0.244717418524113 1.54508497187478 0 0 0 -0.156434465040232 -0.987688340595142 1
96 -0.157084194356722 1.24344943582431 0 0 0 -0.125333233564305 -0.992114701314482 1
97 -0.0885637463564326 0.936906572928651 0 0 0 -0.0941083133185153 -0.995561964603084 1
98 -0.0394264934274854 0.626666167821541 0 0 0 -0.0627905195293142 -0.998026728428276 1
99 -0.00986635785851572 0.313952597646579 0 0 0 -0.031410759078129 -0.999506560365736 1
100 1.26993901505834e-13 4.21884749357559e-15 0 0 0 -5.759281940243e-16 -1 1
