101
0 0 0 0 0 0 0 1 1
1 -0.0098268924272076 -0.312696787255981 0 0 0 -0.0314107590781283 0.999506560365732 1
2 -0.0392293220224658 -0.622903692759649 0 0 0 -0.0627905195293134 0.998026728428272 1
3 -0.0880123199659853 -0.929396471575037 0 0 0 -0.0941083133185143 0.99556196460308 1
4 -0.155904431188846 -1.23096553672739 0 0 0 -0.125333233564304 0.992114701314478 1
5 -0.242558785682137 -1.52642073289035 0 0 0 -0.156434465040231 0.987688340595138 1
6 -0.347554467434413 -1.81459603338531 0 0 0 -0.187381314585725 0.982287250728689 1
7 -0.470398175594892 -2.09435414195599 0 0 0 -0.218143241396543 0.975916761938748 1
8 -0.61052617130655 -2.36459098115717 0 0 0 -0.248689887164855 0.968583161128631 1
9 -0.767306502525833 -2.62424004964399 0 0 0 -0.278991106039229 0.960293685676943 1
10 -0.94004149804867 -2.87227663116553 0 0 0 -0.309016994374948 0.951056516295154 1
11 -1.12797052089998 -3.10772183865164 0 0 0 -0.338737920245292 0.940880768954226 1
12 -1.33027297022029 -3.32964647743306 0 0 0 -0.368124552684678 0.929776485888252 1
13 -1.54607151980248 -3.53717471234824 0 0 0 -0.397147890634781 0.917754625683982 1
14 -1.77443558049745 -3.72948752426462 0 0 0 -0.425779291565073 0.90482705246602 1
15 -2.01438497282439 -3.90582594237291 0 0 0 -0.453990499739547 0.891006524188368 1
16 -2.26489379529135 -4.06549403949821 0 0 0 -0.481753674101716 0.876306680043864 1
17 -2.52489447315979 -4.20786167860658 0 0 0 -0.509041415750372 0.860742027003944 1
18 -2.79328197167431 -4.33236699966803 0 0 0 -0.535826794978997 0.844327925502016 1
19 -3.06891815712997 -4.43851863706143 0 0 0 -0.562083377852131 0.827080574274563 1
20 -3.35063628856613 -4.52589765877004 0 0 0 -0.587785252292474 0.809016994374948 1
21 -3.63724562235989 -4.59415921971485 0 0 0 -0.612907053652977 0.790155012375691 1
22 -3.92753611154725 -4.64303392270057 0 0 0 -0.63742398974869 0.77051324277579 1
23 -4.22028318132564 -4.67232888160323 0 0 0 -0.661311865323652 0.75011106963046 1
24 -4.51425256189119 -4.68192848260363 0 0 0 -0.684547105928689 0.728968627421413 1
25 -4.80820515953775 -4.67179484046227 0 0 0 -0.707106781186548 0.707106781186549 1
26 -5.10090194679374 -4.64196794803506 0 0 0 -0.728968627421412 0.68454710592869 1
27 -5.39110885229741 -4.59256551843981 0 0 0 -0.75011106963046 0.661311865323653 1
28 -5.6776016311128 -4.52378252049629 0 0 0 -0.77051324277579 0.637423989748691 1
29 -5.95917069626515 -4.43589040927342 0 0 0 -0.790155012375691 0.612907053652977 1
30 -6.23462589242812 -4.32923605478013 0 0 0 -0.809016994374948 0.587785252292474 1
31 -6.50280119292308 -4.20424037302786 0 0 0 -0.827080574274563 0.562083377852132 1
32 -6.76255930149375 -4.06139666486738 0 0 0 -0.844327925502016 0.535826794978998 1
33 -7.01279614069493 -3.90126866915572 0 0 0 -0.860742027003945 0.509041415750372 1
34 -7.25244520918176 -3.72448833793644 0 0 0 -0.876306680043865 0.481753674101716 1
35 -7.4804817907033 -3.5317533424136 0 0 0 -0.891006524188369 0.453990499739548 1
36 -7.69592699818941 -3.32382431956229 0 0 0 -0.904827052466021 0.425779291565074 1
37 -7.89785163697083 -3.10152187024197 0 0 0 -0.917754625683983 0.397147890634782 1
38 -8.08537987188602 -2.86572332065978 0 0 0 -0.929776485888253 0.368124552684679 1
39 -8.2576926838024 -2.61735925996481 0 0 0 -0.940880768954227 0.338737920245292 1
40 -8.41403110191069 -2.35740986763788 0 0 0 -0.951056516295155 0.309016994374948 1
41 -8.55369919903599 -2.08690104517091 0 0 0 -0.960293685676945 0.27899110603923 1
42 -8.67606683814436 -1.80690036730247 0 0 0 -0.968583161128633 0.248689887164856 1
43 -8.78057215920582 -1.51851286878795 0 0 0 -0.975916761938749 0.218143241396543 1
44 -8.86672379659922 -1.22287668333228 0 0 0 -0.982287250728691 0.187381314585725 1
45 -8.93410281830782 -0.921158551896126 0 0 0 -0.98768834059514 0.156434465040232 1
46 -8.98236437925264 -0.614549218102363 0 0 0 -0.99211470131448 0.125333233564305 1
47 -9.01123908223835 -0.304258728914995 0 0 0 -0.995561964603082 0.0941083133185149 1
48 -9.02053404114101 0.00848834086339695 0 0 0 -0.998026728428274 0.0627905195293139 1
49 -9.01013364214142 0.322457721428941 0 0 0 -0.999506560365734 0.0314107590781288 1
50 -8.98000000000006 0.636410319075511 0 0 0 -1 4.09394740330526e-16 1
51 -8.93017310757285 0.949107106331496 0 0 0 -0.999506560365734 -0.031410759078128 1
52 -8.86077067797759 1.25931401183517 0 0 0 -0.998026728428274 -0.0627905195293131 1
53 -8.77198768003407 1.56580679065056 0 0 0 -0.995561964603083 -0.0941083133185141 1
54 -8.66409556881121 1.86737585580292 0 0 0 -0.99211470131448 -0.125333233564304 1
55 -8.53744121431792 2.16283105196589 0 0 0 -0.98768834059514 -0.156434465040231 1
56 -8.39244553256564 2.45100635246085 0 0 0 -0.982287250728691 -0.187381314585725 1
57 -8.22960182440516 2.73076446103152 0 0 0 -0.97591676193875 -0.218143241396543 1
58 -8.0494738286935 3.00100130023271 0 0 0 -0.968583161128634 -0.248689887164855 1
59 -7.85269349747421 3.26065036871954 0 0 0 -0.960293685676946 -0.27899110603923 1
60 -7.63995850195137 3.50868695024107 0 0 0 -0.951056516295156 -0.309016994374948 1
61 -7.41202947910006 3.74413215772719 0 0 0 -0.940880768954228 -0.338737920245292 1
62 -7.16972702977974 3.96605679650861 0 0 0 -0.929776485888254 -0.368124552684679 1
63 -6.91392848019755 4.1735850314238 0 0 0 -0.917754625683984 -0.397147890634781 1
64 -6.64556441950258 4.36589784334017 0 0 0 -0.904827052466022 -0.425779291565074 1
65 -6.36561502717564 4.54223626144847 0 0 0 -0.891006524188371 -0.453990499739548 1
66 -6.07510620470868 4.70190435857377 0 0 0 -0.876306680043866 -0.481753674101716 1
67 -5.77510552684023 4.84427199768214 0 0 0 -0.860742027003946 -0.509041415750372 1
68 -5.46671802832571 4.9687773187436 0 0 0 -0.844327925502018 -0.535826794978998 1
69 -5.15108184287004 5.074928956137 0 0 0 -0.827080574274565 -0.562083377852132 1
70 -4.82936371143388 5.16230797784561 0 0 0 -0.80901699437495 -0.587785252292475 1
71 -4.50275437764012 5.23056953879042 0 0 0 -0.790155012375693 -0.612907053652978 1
72 -4.17246388845275 5.27944424177614 0 0 0 -0.770513242775792 -0.637423989748691 1
73 -3.83971681867436 5.30873920067879 0 0 0 -0.750111069630462 -0.661311865323654 1
74 -3.50574743810881 5.3183388016792 0 0 0 -0.728968627421414 -0.684547105928691 1
75 -3.17179484046224 5.30820515953784 0 0 0 -0.70710678118655 -0.707106781186549 1
76 -2.83909805320625 5.27837826711063 0 0 0 -0.684547105928692 -0.728968627421414 1
77 -2.50889114770258 5.22897583751537 0 0 0 -0.661311865323655 -0.750111069630462 1
78 -2.18239836888718 5.16019283957185 0 0 0 -0.637423989748692 -0.770513242775792 1
79 -1.86082930373483 5.07230072834899 0 0 0 -0.612907053652979 -0.790155012375693 1
80 -1.54537410757186 4.9656463738557 0 0 0 -0.587785252292476 -0.80901699437495 1
81 -1.23719880707689 4.84065069210342 0 0 0 -0.562083377852133 -0.827080574274565 1
82 -0.937440698506214 4.69780698394294 0 0 0 -0.535826794978999 -0.844327925502018 1
83 -0.64720385930503 4.53767898823128 0 0 0 -0.509041415750374 -0.860742027003947 1
84 -0.367554790818198 4.36089865701199 0 0 0 -0.481753674101718 -0.876306680043867 1
85 -0.0995182092966605 4.16816366148915 0 0 0 -0.453990499739549 -0.891006524188371 1
86 0.155926998189453 3.96023463863784 0 0 0 -0.425779291565075 -0.904827052466023 1
87 0.397851636970879 3.73793218931752 0 0 0 -0.397147890634783 -0.917754625683985 1
88 0.625379871886069 3.50213363973532 0 0 0 -0.36812455268468 -0.929776485888255 1
89 0.837692683802446 3.25376957904035 0 0 0 -0.338737920245293 -0.940880768954229 1
90 1.03403110191074 2.99382018671341 0 0 0 -0.309016994374949 -0.951056516295157 1
91 1.21369919903604 2.72331136424644 0 0 0 -0.278991106039231 -0.960293685676947 1
92 1.37606683814441 2.443310686378 0 0 0 -0.248689887164856 -0.968583161128635 1
93 1.52057215920587 2.15492318786348 0 0 0 -0.218143241396544 -0.975916761938752 1
94 1.64672379659927 1.8592870024078 0 0 0 -0.187381314585726 -0.982287250728693 1
95 1.75410281830788 1.55756887097164 0 0 0 -0.156434465040232 -0.987688340595142 1
96 1.8423643792527 1.25095953717788 0 0 0 -0.125333233564305 -0.992114701314482 1
97 1.91123908223841 0.940669047990506 0 0 0 -0.0941083133185153 -0.995561964603084 1
98 1.96053404114107 0.627921978212111 0 0 0 -0.0627905195293142 -0.998026728428276 1
99 1.99013364214147 0.313952597646563 0 0 0 -0.031410759078129 -0.999506560365736 1
100 2.00000000000011 -1.11022302462516e-14 0 0 0 -5.759281940243e-16 -1 1
