1305031102.167856 0 0 0 0 0 0 1.000000
1305031102.167856 -0.006240 0.003708 0.001986 -0.000305 0.001373 -0.000037 0.999999
1305031102.269106 -0.006263 0.001645 0.027925 -0.007500 -0.002609 0.002403 0.999966
1305031102.336214 -0.005603 0.002274 0.040419 -0.009609 -0.004831 0.002520 0.999939
1305031102.369171 -0.023539 0.024894 0.040260 -0.003233 0.001181 0.001653 0.999993
1305031102.468856 -0.009082 0.029739 0.048618 -0.002750 -0.003446 0.001818 0.999989
1305031102.568755 -0.016499 0.037237 0.082447 0.002293 0.001077 0.004399 0.999987
1305031102.669279 -0.014780 0.043636 0.109125 0.001959 -0.000213 0.007475 0.999970
1305031102.735828 -0.010944 0.042661 0.124215 -0.000877 0.000521 0.006118 0.999981
1305031102.769511 0.006417 0.035831 0.138665 -0.007003 -0.003757 0.008591 0.999932
1305031102.835914 0.002469 0.037864 0.149878 -0.006110 0.000536 0.006014 0.999963
1305031102.869086 -0.014424 0.043403 0.179627 -0.006117 0.001198 0.001944 0.999979
1305031102.968670 -0.002757 0.038571 0.210758 -0.012894 -0.017922 0.008814 0.999717
1305031103.068796 -0.002945 0.047073 0.229296 -0.012138 -0.017699 0.011270 0.999706
1305031103.136213 -0.003824 0.053073 0.237565 -0.011478 -0.015960 0.011605 0.999739
1305031103.169124 -0.006423 0.062926 0.235554 -0.007874 -0.013865 0.013869 0.999777
1305031103.268973 -0.011133 0.067614 0.228932 -0.007426 -0.013852 0.013966 0.999779
1305031103.368866 -0.015123 0.061396 0.221512 -0.010250 -0.014030 0.014666 0.999741
1305031103.435858 -0.014025 0.057450 0.217663 -0.010825 -0.017338 0.012948 0.999707
1305031103.469580 -0.021330 0.031683 0.206136 -0.018126 -0.014930 0.008123 0.999691
1305031103.537473 -0.023660 0.029899 0.193990 -0.013622 -0.015359 0.008024 0.999757
1305031103.569062 -0.047450 0.023770 0.189536 -0.012066 -0.005781 0.002789 0.999907
1305031103.637411 -0.045753 0.021224 0.178193 -0.009297 -0.009068 0.002750 0.999912
1305031103.669559 -0.044315 0.013566 0.153730 -0.005053 -0.010345 0.001404 0.999933
1305031103.737434 -0.045278 0.014045 0.138301 -0.000986 -0.009508 -0.002087 0.999952
1305031103.769104 -0.051579 0.016400 0.109563 -0.002733 -0.006062 -0.008053 0.999945
1305031103.836809 -0.053030 0.003971 0.097475 -0.012297 -0.008966 -0.010331 0.999831
1305031103.868870 -0.077426 -0.001985 0.082047 -0.011565 -0.000567 -0.017534 0.999779
1305031103.936857 -0.076015 -0.007268 0.068895 -0.010618 -0.003207 -0.018648 0.999765
1305031103.968917 -0.061730 -0.025867 0.076655 -0.015149 -0.009325 -0.015325 0.999724
1305031104.036764 -0.059848 -0.027970 0.062689 -0.012610 -0.005500 -0.017434 0.999753
1305031104.068984 -0.064292 -0.023903 0.071053 -0.007378 -0.001529 -0.017944 0.999811
1305031104.137261 -0.066575 -0.025035 0.056116 -0.002946 0.002181 -0.018903 0.999815
1305031104.169432 -0.058248 -0.033661 0.065738 -0.004784 -0.001341 -0.015600 0.999866
1305031104.269441 -0.049247 -0.024937 0.070020 0.001332 -0.001513 -0.012167 0.999924
1305031104.337373 -0.050734 -0.025605 0.058746 0.003297 0.003751 -0.012077 0.999915
1305031104.369591 -0.060694 -0.026082 0.034761 0.005453 0.011615 -0.011435 0.999852
1305031104.437362 -0.065196 -0.027139 0.025333 0.005170 0.011173 -0.010805 0.999866
1305031104.469434 -0.075542 -0.035986 0.013726 0.006273 0.011084 -0.011187 0.999856
1305031104.537409 -0.069814 -0.039770 0.005989 0.010219 0.009740 -0.010785 0.999842
1305031104.569246 -0.069098 -0.023467 0.019590 0.016233 0.009845 -0.007836 0.999789
1305031104.637305 -0.069971 -0.023441 0.022879 0.016656 0.010344 -0.007255 0.999781
1305031104.737108 -0.075635 -0.001848 0.023207 0.026562 0.014749 -0.003269 0.999533
1305031104.769253 -0.076362 0.008824 0.024469 0.032469 0.017462 0.000287 0.999320
1305031104.805482 -0.077543 0.010010 0.017663 0.040222 0.024306 0.002238 0.998893
1305031104.837110 -0.081992 0.014803 0.011616 0.046436 0.028478 0.004189 0.998506
1305031104.869303 -0.080710 0.018249 0.009990 0.049026 0.029328 0.006553 0.998345
1305031104.905349 -0.081085 0.019966 0.010358 0.049982 0.030310 0.007140 0.998265
1305031104.937177 -0.082575 0.032797 0.020622 0.046159 0.029392 0.008333 0.998467
1305031105.004816 -0.084283 0.035229 0.029050 0.040242 0.029127 0.006986 0.998741
1305031105.036900 -0.084400 0.036279 0.040026 0.032895 0.028094 0.005350 0.999050
1305031105.068882 -0.087018 0.033610 0.051273 0.025966 0.027511 0.004040 0.999276
1305031105.104469 -0.093222 0.044730 0.064410 0.021647 0.025842 0.001443 0.999431
1305031105.136688 -0.097737 0.044221 0.073941 0.020060 0.027013 -0.000537 0.999434
1305031105.204740 -0.097579 0.044774 0.070043 0.019648 0.026425 -0.001199 0.999457
1305031105.268838 -0.113359 0.056550 0.087474 0.021268 0.027125 -0.002168 0.999403
1305031105.304895 -0.126884 0.068298 0.091516 0.020348 0.026848 -0.003200 0.999427
1305031105.336090 -0.127158 0.066268 0.106206 0.016723 0.022032 -0.003146 0.999612
1305031105.368812 -0.128413 0.073764 0.120512 0.012789 0.017565 -0.003888 0.999756
1305031105.404738 -0.128068 0.069467 0.136955 0.004837 0.013297 -0.004108 0.999891
1305031105.436826 -0.128641 0.069496 0.150659 0.001112 0.010152 -0.004236 0.999939
1305031105.468350 -0.126953 0.071786 0.165873 -0.003275 0.007024 -0.003939 0.999962
1305031105.504632 -0.126983 0.069169 0.181359 -0.008333 0.006451 -0.002878 0.999940
1305031105.536433 -0.128340 0.070588 0.194910 -0.011096 0.005701 -0.002915 0.999918
1305031105.568779 -0.126166 0.067696 0.210989 -0.014911 0.004276 -0.001980 0.999878
1305031105.604285 -0.117339 0.068045 0.256214 -0.017772 0.003089 0.002126 0.999835
1305031105.704772 -0.116929 0.074828 0.269054 -0.014712 0.007274 0.002106 0.999863
1305031105.736824 -0.113057 0.073731 0.285273 -0.016237 0.011105 0.002237 0.999804
1305031105.768861 -0.114141 0.075061 0.298269 -0.014827 0.017031 0.002511 0.999742
1305031105.804669 -0.110903 0.076783 0.312354 -0.013594 0.020103 0.003489 0.999699
1305031105.836639 -0.109313 0.084119 0.325174 -0.011724 0.025300 0.005438 0.999596
1305031105.868787 -0.109048 0.086661 0.338704 -0.014659 0.029907 0.009873 0.999396
1305031105.904640 -0.108867 0.091543 0.351248 -0.016792 0.033665 0.012253 0.999217
1305031105.936563 -0.108787 0.094962 0.364495 -0.021390 0.036168 0.013766 0.999022
1305031105.970761 -0.106990 0.098010 0.377305 -0.026059 0.038186 0.015584 0.998809
1305031106.004778 -0.108251 0.100695 0.389763 -0.031008 0.041097 0.016572 0.998536
1305031106.036751 -0.109102 0.104178 0.401447 -0.035039 0.042375 0.018251 0.998320
1305031106.070695 -0.109351 0.112631 0.402267 -0.033514 0.042231 0.019208 0.998361
1305031106.136900 -0.109817 0.114615 0.412585 -0.037410 0.040791 0.020185 0.998263
1305031106.170932 -0.110878 0.117483 0.430854 -0.040984 0.038080 0.024706 0.998128
1305031106.236662 -0.111261 0.123400 0.437130 -0.041116 0.036398 0.025627 0.998162
1305031106.271181 -0.110983 0.125811 0.442896 -0.044917 0.035063 0.028767 0.997961
1305031106.304706 -0.112262 0.131443 0.446386 -0.049557 0.034293 0.029579 0.997744
1305031106.336736 -0.109614 0.139916 0.448570 -0.051440 0.033714 0.022526 0.997853
1305031106.370773 -0.110470 0.133884 0.451477 -0.059548 0.039772 0.016130 0.997302
1305031106.404800 -0.116380 0.129789 0.448698 -0.061380 0.045975 0.011364 0.996990
1305031106.436959 -0.120546 0.127491 0.444767 -0.061279 0.046658 0.009616 0.996983
1305031106.470695 -0.122923 0.122175 0.438903 -0.060899 0.043852 0.009333 0.997137
1305031106.504612 -0.133154 0.104901 0.427020 -0.066080 0.044773 0.004618 0.996799
1305031106.569848 -0.135194 0.104177 0.415824 -0.065410 0.041798 0.001561 0.996981
1305031106.604515 -0.136199 0.096860 0.404945 -0.066915 0.039009 -0.000610 0.996996
1305031106.636992 -0.141186 0.096601 0.391432 -0.063508 0.037342 -0.001225 0.997282
1305031106.671280 -0.143327 0.092760 0.379609 -0.065664 0.031641 -0.001506 0.997339
1305031106.705309 -0.144826 0.089716 0.364950 -0.063922 0.025027 -0.001511 0.997640
1305031106.736445 -0.143150 0.086724 0.350106 -0.062982 0.017834 -0.001417 0.997854
1305031106.771258 -0.143353 0.087086 0.333949 -0.062065 0.013406 -0.001924 0.997980
1305031106.804799 -0.144627 0.076253 0.319992 -0.065389 0.009506 -0.003074 0.997810
1305031106.837034 -0.141733 0.072629 0.303850 -0.059607 0.005508 -0.006662 0.998185
1305031106.871399 -0.143492 0.075141 0.283969 -0.054074 0.006424 -0.011711 0.998448
1305031106.904536 -0.143751 0.066629 0.270341 -0.054413 0.006848 -0.015961 0.998367
1305031106.937118 -0.143857 0.060219 0.255039 -0.049240 0.008403 -0.019168 0.998568
1305031106.971390 -0.147977 0.063506 0.230189 -0.040950 0.012529 -0.024628 0.998779
1305031107.005226 -0.149871 0.056989 0.215344 -0.042492 0.015224 -0.026830 0.998620
1305031107.036815 -0.154587 0.050273 0.198011 -0.038663 0.017106 -0.027830 0.998718
1305031107.070919 -0.155337 0.052174 0.180405 -0.032400 0.016228 -0.028997 0.998922
1305031107.104748 -0.153630 0.053857 0.166247 -0.029880 0.016536 -0.028853 0.999000
1305031107.136784 -0.152803 0.045379 0.154892 -0.029517 0.017487 -0.029580 0.998973
1305031107.170681 -0.150678 0.040352 0.142039 -0.023770 0.018743 -0.031299 0.999052
1305031107.204783 -0.151804 0.042324 0.126720 -0.016319 0.022288 -0.031980 0.999107
1305031107.239202 -0.149878 0.038198 0.115118 -0.011346 0.024947 -0.031945 0.999114
1305031107.271235 -0.149365 0.032980 0.103833 -0.004934 0.028275 -0.032861 0.999048
1305031107.305249 -0.144999 0.025147 0.103317 -0.005286 0.028279 -0.030668 0.999116
1305031107.339154 -0.129778 0.015832 0.105905 -0.003202 0.025705 -0.029534 0.999228
1305031107.371298 -0.128324 0.014833 0.097356 0.003227 0.030272 -0.030709 0.999065
1305031107.405308 -0.126199 0.017475 0.089914 0.009367 0.034657 -0.030748 0.998882
1305031107.439173 -0.123591 0.016578 0.085357 0.012312 0.038960 -0.029899 0.998717
1305031107.471259 -0.122406 0.022328 0.080919 0.015198 0.042715 -0.029520 0.998535
1305031107.504889 -0.119532 0.021677 0.081415 0.012540 0.045202 -0.027494 0.998521
1305031107.539217 -0.116805 0.016379 0.082334 0.011194 0.047098 -0.024556 0.998526
1305031107.571234 -0.114480 0.024859 0.081799 0.013677 0.048329 -0.022895 0.998475
1305031107.605087 -0.113496 0.026293 0.084518 0.010570 0.049652 -0.021589 0.998477
1305031107.639133 -0.114047 0.026547 0.086337 0.009326 0.050423 -0.021038 0.998463
1305031107.671374 -0.114871 0.030476 0.088169 0.008679 0.050461 -0.020112 0.998486
1305031107.705348 -0.117315 0.034927 0.090063 0.006117 0.049746 -0.019493 0.998553
1305031107.739289 -0.116699 0.033146 0.093099 0.002534 0.046804 -0.020528 0.998690
1305031107.771848 -0.115018 0.035011 0.095561 0.000511 0.044649 -0.020393 0.998794
1305031107.805570 -0.111829 0.035657 0.097970 -0.002197 0.043555 -0.020745 0.998833
1305031107.839541 -0.106264 0.031618 0.100699 -0.004104 0.043581 -0.024017 0.998753
1305031107.869431 -0.103795 0.031749 0.102869 -0.003218 0.046735 -0.026531 0.998550
1305031107.905381 -0.098728 0.030885 0.105329 -0.001474 0.049925 -0.026990 0.998387
1305031107.938365 -0.091330 0.030631 0.107637 0.001084 0.053854 -0.026884 0.998186
1305031107.970324 -0.082038 0.031731 0.109417 0.005173 0.057930 -0.029050 0.997884
1305031108.004895 -0.083059 0.034153 0.103733 0.007576 0.065658 -0.027666 0.997430
1305031108.039121 -0.067184 0.033005 0.107988 0.008841 0.072011 -0.023105 0.997097
1305031108.071311 -0.061960 0.032877 0.110338 0.011649 0.078543 -0.023225 0.996572
1305031108.105371 -0.049884 0.035851 0.112787 0.014416 0.081650 -0.022741 0.996297
1305031108.139307 -0.050928 0.035907 0.106045 0.012298 0.085323 -0.020642 0.996064
1305031108.171708 -0.038383 0.033255 0.110224 0.006657 0.086422 -0.020992 0.996015
1305031108.205350 -0.022808 0.027740 0.117154 0.004643 0.088485 -0.022610 0.995810
1305031108.239280 -0.016358 0.032083 0.114355 0.005774 0.093919 -0.022708 0.995304
1305031108.271509 -0.009515 0.034948 0.115611 0.002289 0.096228 -0.021505 0.995124
1305031108.305439 0.000098 0.036506 0.119237 -0.003186 0.095244 -0.019217 0.995263
1305031108.339149 0.008684 0.036821 0.122866 -0.008641 0.093258 -0.013816 0.995509
1305031108.371347 0.023487 0.036378 0.126941 -0.013684 0.088681 -0.007201 0.995940
1305031108.405323 0.037358 0.037453 0.129940 -0.017745 0.087092 -0.000447 0.996042
1305031108.439317 0.052162 0.034209 0.133420 -0.021255 0.086052 0.006894 0.996040
1305031108.471575 0.071436 0.031473 0.138888 -0.021151 0.087561 0.011565 0.995867
1305031108.507463 0.066597 0.030980 0.134594 -0.018345 0.091880 0.009949 0.995551
1305031108.539274 0.064285 0.035339 0.123409 -0.014345 0.098184 0.007294 0.995038
1305031108.571284 0.078252 0.035689 0.126054 -0.014674 0.103784 0.007949 0.994460
1305031108.607477 0.081378 0.036684 0.123534 -0.014623 0.111180 0.008719 0.993654
1305031108.638757 0.092018 0.038006 0.123427 -0.017272 0.116419 0.012299 0.992974
1305031108.671282 0.094782 0.035030 0.132536 -0.021739 0.124845 0.015022 0.991824
1305031108.707378 0.101081 0.033493 0.135424 -0.023461 0.130579 0.015735 0.991035
1305031108.739277 0.109647 0.035739 0.135007 -0.023742 0.134220 0.018167 0.990500
1305031108.771262 0.113402 0.034274 0.134952 -0.025477 0.138042 0.023382 0.989823
1305031108.807307 0.113927 0.031780 0.134638 -0.024905 0.139072 0.029308 0.989535
1305031108.839214 0.114356 0.031722 0.132187 -0.022568 0.136601 0.035267 0.989741
1305031108.872025 0.116270 0.027071 0.130559 -0.020748 0.132962 0.040715 0.990067
1305031108.907452 0.112041 0.025456 0.126724 -0.015799 0.130058 0.041678 0.990504
1305031108.939179 0.107499 0.029134 0.117173 -0.011206 0.123710 0.039711 0.991460
1305031108.971256 0.109653 0.029714 0.115346 -0.011617 0.118282 0.038961 0.992147
1305031109.007166 0.101390 0.028190 0.113750 -0.011196 0.117968 0.036454 0.992285
1305031109.039116 0.092697 0.034833 0.111371 -0.011172 0.115387 0.030946 0.992776
1305031109.071250 0.086547 0.032970 0.111619 -0.015894 0.113370 0.028355 0.993021
1305031109.107288 0.069953 0.030420 0.113794 -0.017307 0.112614 0.025783 0.993153
1305031109.139151 0.059962 0.033253 0.109766 -0.017016 0.106307 0.022729 0.993928
1305031109.170656 0.060153 0.036249 0.104347 -0.021401 0.099277 0.024097 0.994538
1305031109.207384 0.046143 0.035302 0.107030 -0.023985 0.101091 0.022800 0.994327
1305031109.238807 0.042849 0.030137 0.121653 -0.026987 0.096127 0.026281 0.994656
1305031109.270816 0.036069 0.034950 0.113684 -0.023542 0.086140 0.027727 0.995619
1305031109.307393 0.037092 0.034028 0.113490 -0.025851 0.080486 0.028231 0.996020
1305031109.338925 0.043641 0.031952 0.128875 -0.027699 0.074236 0.029198 0.996428
1305031109.370140 0.037860 0.036109 0.128478 -0.027133 0.067010 0.026794 0.997023
1305031109.407358 0.025285 0.037316 0.128776 -0.030870 0.063116 0.022992 0.997264
1305031109.438885 0.013792 0.033601 0.130748 -0.034916 0.060554 0.020414 0.997345
1305031109.471363 0.000618 0.030389 0.131487 -0.035716 0.058131 0.016417 0.997535
1305031109.507233 -0.012035 0.031002 0.129801 -0.033088 0.056160 0.013661 0.997780
1305031109.539505 -0.025604 0.033356 0.128142 -0.032275 0.055946 0.013422 0.997822
1305031109.571407 -0.038941 0.034460 0.126979 -0.032331 0.054282 0.011192 0.997939
1305031109.607455 -0.049050 0.035027 0.126656 -0.033158 0.052412 0.010623 0.998018
1305031109.639276 -0.063450 0.036553 0.125725 -0.035358 0.052453 0.013050 0.997912
1305031109.671417 -0.075070 0.039436 0.124899 -0.037629 0.048701 0.012219 0.998030
1305031109.707289 -0.083238 0.038780 0.128632 -0.042668 0.044507 0.012372 0.998021
1305031109.739166 -0.092345 0.037690 0.133094 -0.046244 0.041673 0.013063 0.997975
1305031109.771373 -0.107856 0.040323 0.133021 -0.047909 0.041490 0.011884 0.997919
1305031109.807384 -0.120696 0.040836 0.136296 -0.051470 0.038919 0.011309 0.997852
1305031109.839103 -0.134967 0.041954 0.140816 -0.055217 0.035758 0.009804 0.997786
1305031109.873288 -0.146301 0.038577 0.146692 -0.057895 0.029208 0.005417 0.997881
1305031109.905900 -0.154808 0.047394 0.148897 -0.057526 0.024401 0.001211 0.998045
1305031109.939129 -0.168575 0.045791 0.155525 -0.062933 0.022303 -0.003231 0.997763
1305031109.972735 -0.180316 0.046989 0.160037 -0.065494 0.019260 -0.009876 0.997618
1305031110.005456 -0.191781 0.047527 0.165092 -0.068389 0.017707 -0.016514 0.997365
1305031110.037328 -0.205597 0.049051 0.167573 -0.070700 0.017626 -0.021742 0.997105
1305031110.071722 -0.220818 0.049463 0.172332 -0.075774 0.016680 -0.026006 0.996646
1305031110.106361 -0.232508 0.043399 0.176424 -0.079073 0.012771 -0.028956 0.996366
1305031110.137875 -0.241673 0.051755 0.177449 -0.078474 0.008537 -0.030079 0.996426
1305031110.171982 -0.253480 0.047905 0.181962 -0.083806 0.005538 -0.031309 0.995975
1305031110.207399 -0.263746 0.044433 0.184597 -0.085361 0.001140 -0.030543 0.995881
1305031110.239116 -0.270172 0.044787 0.186691 -0.083638 -0.003987 -0.030896 0.996009
1305031110.275357 -0.283439 0.045315 0.185427 -0.081037 -0.006398 -0.032686 0.996154
1305031110.307526 -0.293786 0.048277 0.185037 -0.079510 -0.011291 -0.033384 0.996211
1305031110.337462 -0.305239 0.048330 0.185462 -0.078897 -0.016938 -0.036689 0.996063
1305031110.375444 -0.316556 0.054284 0.182175 -0.077382 -0.023393 -0.038984 0.995964
1305031110.407475 -0.320286 0.051330 0.182362 -0.083139 -0.030686 -0.040388 0.995246
1305031110.439454 -0.332389 0.053586 0.188192 -0.084276 -0.035086 -0.043710 0.994865
1305031110.474959 -0.336467 0.053247 0.189841 -0.085044 -0.042400 -0.047274 0.994352
1305031110.506984 -0.344299 0.058878 0.188795 -0.085430 -0.049912 -0.049794 0.993847
1305031110.538970 -0.348549 0.053309 0.183353 -0.090529 -0.052811 -0.050486 0.993210
1305031110.575551 -0.354631 0.047439 0.189562 -0.096420 -0.057639 -0.052639 0.992275
1305031110.607798 -0.363227 0.045397 0.190413 -0.095578 -0.060088 -0.055780 0.992040
1305031110.639452 -0.369134 0.054642 0.188152 -0.092886 -0.063013 -0.057670 0.992006
1305031110.675691 -0.374719 0.051484 0.191522 -0.097619 -0.065325 -0.058587 0.991348
1305031110.705684 -0.380200 0.049673 0.192403 -0.098648 -0.067119 -0.060010 0.991041
1305031110.739345 -0.381324 0.052430 0.192257 -0.097746 -0.069814 -0.060308 0.990926
1305031110.774463 -0.384401 0.053037 0.192545 -0.098397 -0.070148 -0.061994 0.990734
1305031110.805535 -0.388911 0.052398 0.193603 -0.100361 -0.071467 -0.064050 0.990312
1305031110.839233 -0.385183 0.051888 0.194273 -0.100465 -0.075080 -0.063432 0.990074
1305031110.875303 -0.384765 0.053755 0.194476 -0.100595 -0.076192 -0.063929 0.989944
1305031110.906617 -0.378882 0.053432 0.195322 -0.100691 -0.079671 -0.064608 0.989616
1305031110.941265 -0.366833 0.056620 0.195497 -0.099773 -0.081342 -0.064239 0.989597
1305031110.975331 -0.357755 0.054545 0.198167 -0.102124 -0.077719 -0.063514 0.989695
1305031111.007550 -0.355454 0.053452 0.195381 -0.101579 -0.070232 -0.062290 0.990388
1305031111.041498 -0.353582 0.056005 0.193983 -0.102898 -0.065169 -0.060866 0.990687
1305031111.075444 -0.343963 0.050761 0.197355 -0.105943 -0.063395 -0.057544 0.990679
1305031111.107583 -0.335761 0.048107 0.197231 -0.104809 -0.060461 -0.056816 0.991025
1305031111.141234 -0.319592 0.049777 0.197618 -0.101436 -0.058774 -0.056627 0.991489
1305031111.175132 -0.310661 0.047036 0.192070 -0.100613 -0.050582 -0.053687 0.992188
1305031111.205414 -0.307779 0.043596 0.192543 -0.100928 -0.045652 -0.054135 0.992370
1305031111.239953 -0.288908 0.039939 0.192205 -0.097372 -0.046699 -0.051964 0.992793
1305031111.274623 -0.282012 0.040076 0.181895 -0.094293 -0.041161 -0.050568 0.993407
1305031111.306929 -0.277887 0.040664 0.182740 -0.097913 -0.042040 -0.050751 0.993011
1305031111.341428 -0.257841 0.028337 0.187438 -0.100889 -0.046996 -0.046470 0.992700
1305031111.375021 -0.252682 0.032021 0.181583 -0.094749 -0.045675 -0.046376 0.993371
1305031111.407104 -0.231904 0.032393 0.184233 -0.094974 -0.054288 -0.050399 0.992720
1305031111.441167 -0.220583 0.033569 0.190032 -0.091119 -0.049492 -0.048557 0.993423
1305031111.475089 -0.217585 0.021208 0.183878 -0.093844 -0.046706 -0.050705 0.993197
1305031111.507398 -0.210819 0.021564 0.185539 -0.089283 -0.037411 -0.050369 0.994028
1305031111.541366 -0.207623 0.012891 0.178833 -0.091256 -0.034252 -0.050091 0.993977
1305031111.575279 -0.201806 0.010206 0.178179 -0.092693 -0.028619 -0.044944 0.994268
1305031111.607331 -0.181065 0.001785 0.182783 -0.091315 -0.031339 -0.036707 0.994652
1305031111.641400 -0.149697 -0.001871 0.180688 -0.088827 -0.033543 -0.032540 0.994950
1305031111.675286 -0.142553 -0.003307 0.180878 -0.089129 -0.028352 -0.031238 0.995126
1305031111.707776 -0.132591 -0.019258 0.171492 -0.091516 -0.024251 -0.026814 0.995147
1305031111.741445 -0.102322 -0.025463 0.168063 -0.092227 -0.028039 -0.022349 0.995092
1305031111.775326 -0.097935 -0.032175 0.164350 -0.092164 -0.020640 -0.022662 0.995272
1305031111.805741 -0.105057 -0.028951 0.152678 -0.087843 -0.012051 -0.022636 0.995804
1305031111.841316 -0.105981 -0.025269 0.148924 -0.086913 -0.002091 -0.019421 0.996024
1305031111.875214 -0.102501 -0.032222 0.149080 -0.088116 0.000648 -0.014225 0.996008
1305031111.907355 -0.085682 -0.030692 0.149684 -0.085724 -0.004034 -0.005363 0.996296
1305031111.941490 -0.056323 -0.028462 0.153193 -0.084380 -0.007313 0.003064 0.996402
1305031111.975471 -0.039203 -0.029184 0.156273 -0.082596 -0.001341 0.002793 0.996578
1305031112.007514 -0.038233 -0.032439 0.142929 -0.081878 0.002261 0.000563 0.996640
1305031112.041341 -0.043071 -0.030972 0.133315 -0.080262 0.007906 -0.000905 0.996742
1305031112.075035 -0.059466 -0.026742 0.123944 -0.076004 0.018621 -0.008269 0.996899
1305031112.106959 -0.040376 -0.028099 0.122202 -0.075938 0.020742 -0.013700 0.996803
1305031112.141725 -0.048300 -0.033600 0.121204 -0.078303 0.030135 -0.019963 0.996274
1305031112.174367 -0.062675 -0.034700 0.131876 -0.078913 0.039577 -0.024280 0.995800
1305031112.209493 -0.089554 -0.032695 0.123519 -0.073069 0.054856 -0.027616 0.995434
1305031112.239513 -0.095094 -0.030277 0.123630 -0.067080 0.062478 -0.031403 0.995294
1305031112.274420 -0.082834 -0.028631 0.119858 -0.063300 0.060184 -0.030377 0.995715
1305031112.307451 -0.080508 -0.024393 0.117544 -0.055757 0.062241 -0.030267 0.996043
1305031112.339556 -0.069582 -0.022956 0.117001 -0.051047 0.060810 -0.025967 0.996505
1305031112.375296 -0.055428 -0.022827 0.116307 -0.048571 0.057687 -0.021472 0.996921
1305031112.409467 -0.042900 -0.025617 0.118243 -0.047149 0.056726 -0.014947 0.997164
1305031112.441227 -0.035809 -0.024519 0.116755 -0.043687 0.056737 -0.005424 0.997418
1305031112.475242 -0.025472 -0.025534 0.116451 -0.041933 0.053158 0.002635 0.997702
1305031112.509087 -0.014226 -0.026570 0.116392 -0.039683 0.049497 0.007160 0.997960
1305031112.540761 -0.004593 -0.025049 0.115736 -0.037258 0.046406 0.013173 0.998141
1305031112.573361 0.016290 -0.021053 0.113046 -0.035976 0.042924 0.020505 0.998220
1305031112.609001 0.027127 -0.020166 0.114733 -0.038568 0.048088 0.027492 0.997720
1305031112.641332 0.031634 -0.020295 0.116309 -0.040480 0.054008 0.030047 0.997267
1305031112.675638 0.034953 -0.017520 0.116283 -0.041659 0.058292 0.031691 0.996926
1305031112.709288 0.037259 -0.008106 0.115147 -0.043781 0.061771 0.035227 0.996507
1305031112.741395 0.040097 -0.007408 0.115168 -0.049986 0.064307 0.037496 0.995972
1305031112.775416 0.028719 -0.009796 0.117318 -0.052514 0.066962 0.036357 0.995709
1305031112.809424 0.025203 -0.003374 0.117492 -0.053175 0.061533 0.034236 0.996099
1305031112.841423 0.025434 -0.002927 0.118990 -0.057044 0.057704 0.036721 0.996026
1305031112.875252 0.016007 -0.003685 0.120427 -0.060232 0.056259 0.038808 0.995842
1305031112.909328 0.010703 -0.004539 0.122876 -0.062367 0.050633 0.037966 0.996045
1305031112.941322 0.006863 -0.004330 0.122535 -0.062906 0.044079 0.036191 0.996388
1305031112.975221 0.002096 -0.001856 0.119390 -0.063800 0.040398 0.036139 0.996490
1305031113.009259 -0.006012 -0.003618 0.118388 -0.068694 0.038664 0.033953 0.996310
1305031113.041361 -0.018922 -0.014338 0.118088 -0.072141 0.036633 0.028833 0.996304
1305031113.075231 -0.032760 -0.013880 0.108241 -0.069591 0.033865 0.025035 0.996686
1305031113.109489 -0.043221 -0.012654 0.102128 -0.071871 0.032003 0.023768 0.996617
1305031113.141485 -0.056557 -0.018679 0.103592 -0.076414 0.031561 0.025478 0.996251
1305031113.175215 -0.068798 -0.020053 0.098339 -0.074814 0.026258 0.027166 0.996482
1305031113.209220 -0.072916 -0.021287 0.092899 -0.076425 0.023420 0.029201 0.996372
1305031113.241479 -0.074691 -0.023517 0.104905 -0.078898 0.017582 0.032008 0.996214
1305031113.275391 -0.060996 -0.019450 0.100619 -0.073501 0.005864 0.035702 0.996639
1305031113.309387 -0.065897 -0.014548 0.083481 -0.067728 -0.003433 0.036971 0.997013
1305031113.341324 -0.073475 -0.018758 0.091330 -0.071705 -0.005976 0.038208 0.996676
1305031113.375345 -0.074280 -0.021412 0.096749 -0.072252 -0.013110 0.039285 0.996526
1305031113.409488 -0.069728 -0.017533 0.093868 -0.069163 -0.023689 0.035160 0.996704
1305031113.441526 -0.065671 -0.023067 0.100787 -0.073994 -0.031554 0.031613 0.996258
1305031113.477484 -0.055257 -0.030811 0.118673 -0.079099 -0.039965 0.032165 0.995546
1305031113.509755 -0.063495 -0.033040 0.124859 -0.081309 -0.048597 0.029537 0.995065
1305031113.541329 -0.069764 -0.032641 0.123032 -0.080354 -0.052716 0.024437 0.995071
1305031113.577133 -0.079729 -0.033469 0.124945 -0.083179 -0.057228 0.020250 0.994684
1305031113.609242 -0.092358 -0.033500 0.126291 -0.085651 -0.058385 0.016684 0.994473
1305031113.640820 -0.106175 -0.035027 0.126352 -0.086738 -0.058182 0.012986 0.994446
1305031113.676766 -0.117517 -0.036047 0.127950 -0.087007 -0.058963 0.008499 0.994425
1305031113.708094 -0.129556 -0.034744 0.127209 -0.085602 -0.057191 0.003139 0.994682
1305031113.739927 -0.146916 -0.037325 0.125863 -0.084930 -0.053704 -0.001697 0.994937
1305031113.776744 -0.159542 -0.035906 0.124341 -0.083369 -0.053012 -0.003595 0.995101
1305031113.808516 -0.173025 -0.032930 0.123329 -0.083093 -0.050919 -0.007018 0.995215
1305031113.840866 -0.192167 -0.040669 0.124790 -0.083541 -0.049232 -0.012249 0.995212
1305031113.876740 -0.202489 -0.035807 0.122640 -0.078975 -0.051318 -0.012272 0.995479
1305031113.908825 -0.212172 -0.036495 0.123658 -0.076745 -0.050551 -0.014279 0.995666
1305031113.940926 -0.228427 -0.035921 0.121720 -0.072892 -0.048086 -0.019608 0.995987
1305031113.976769 -0.246805 -0.034088 0.118129 -0.068766 -0.045946 -0.025113 0.996258
1305031114.009170 -0.266676 -0.033576 0.116873 -0.067007 -0.047072 -0.027233 0.996269
1305031114.040924 -0.268788 -0.034167 0.118819 -0.064597 -0.055690 -0.027313 0.995982
1305031114.076791 -0.279295 -0.030396 0.116883 -0.061111 -0.062365 -0.030033 0.995728
1305031114.108832 -0.290530 -0.029473 0.118167 -0.060783 -0.068344 -0.032468 0.995279
1305031114.140923 -0.298394 -0.032777 0.121205 -0.059078 -0.072505 -0.033857 0.995041
1305031114.176725 -0.311822 -0.022258 0.117060 -0.054136 -0.072524 -0.036086 0.995242
1305031114.208779 -0.329644 -0.023312 0.118074 -0.056607 -0.074061 -0.040176 0.994835
1305031114.240905 -0.338288 -0.024487 0.118164 -0.056520 -0.081541 -0.042077 0.994176
1305031114.275233 -0.344907 -0.022194 0.118945 -0.057198 -0.091665 -0.041048 0.993298
1305031114.309070 -0.347709 -0.023073 0.122055 -0.058438 -0.100575 -0.042688 0.992294
1305031114.341125 -0.355742 -0.024125 0.123594 -0.058355 -0.103749 -0.046462 0.991802
1305031114.376813 -0.369690 -0.023815 0.122279 -0.056958 -0.104682 -0.050893 0.991568
1305031114.408994 -0.383476 -0.022289 0.120983 -0.056611 -0.107994 -0.052341 0.991157
1305031114.440943 -0.388710 -0.023189 0.124985 -0.056974 -0.116792 -0.053115 0.990097
1305031114.476911 -0.390540 -0.020684 0.124733 -0.056637 -0.126898 -0.053811 0.988834
1305031114.508919 -0.392124 -0.023036 0.127665 -0.060401 -0.132751 -0.052214 0.987928
1305031114.541595 -0.396965 -0.024801 0.128713 -0.062280 -0.133592 -0.048778 0.987874
1305031114.577211 -0.402772 -0.021821 0.128461 -0.063925 -0.134009 -0.046313 0.987831
1305031114.609476 -0.412241 -0.023079 0.130297 -0.069215 -0.135253 -0.045911 0.987324
1305031114.644143 -0.416940 -0.026539 0.131827 -0.072777 -0.141689 -0.046462 0.986138
1305031114.677453 -0.414708 -0.029371 0.133958 -0.074105 -0.148021 -0.044675 0.985192
1305031114.708724 -0.413992 -0.030691 0.135089 -0.073163 -0.152264 -0.047590 0.984479
1305031114.743238 -0.411579 -0.029890 0.133527 -0.070413 -0.154828 -0.050397 0.984140
1305031114.777068 -0.410204 -0.025573 0.132337 -0.069044 -0.154785 -0.050883 0.984218
1305031114.809307 -0.408588 -0.026641 0.132307 -0.069319 -0.155871 -0.053346 0.983897
1305031114.842673 -0.404028 -0.023258 0.131668 -0.068935 -0.156558 -0.052800 0.983844
1305031114.877169 -0.400090 -0.021252 0.131833 -0.069647 -0.157105 -0.052959 0.983698
1305031114.910192 -0.389579 -0.018003 0.134456 -0.071409 -0.159014 -0.054164 0.983200
1305031114.943249 -0.384336 -0.016398 0.134845 -0.073460 -0.156417 -0.055188 0.983408
1305031114.977345 -0.376299 -0.011674 0.136897 -0.076697 -0.155850 -0.056235 0.983192
1305031115.009240 -0.366279 -0.015447 0.143787 -0.081978 -0.154349 -0.057025 0.982957
1305031115.043519 -0.357723 -0.012339 0.143667 -0.082814 -0.150729 -0.057954 0.983394
1305031115.075408 -0.343137 -0.010755 0.152075 -0.086179 -0.148142 -0.056893 0.983560
1305031115.109152 -0.352514 -0.012464 0.154243 -0.088012 -0.139072 -0.057037 0.984713
1305031115.143285 -0.349506 -0.010258 0.154830 -0.089035 -0.132680 -0.057326 0.985486
1305031115.176041 -0.333370 -0.015696 0.165305 -0.091625 -0.131998 -0.054138 0.985520
1305031115.208914 -0.324231 -0.019224 0.166566 -0.088317 -0.124971 -0.051756 0.986866
1305031115.242136 -0.318103 -0.012594 0.164964 -0.085462 -0.118554 -0.049899 0.988004
1305031115.276717 -0.297283 -0.018795 0.178820 -0.088120 -0.115553 -0.043651 0.988421
1305031115.308619 -0.290996 -0.012110 0.172166 -0.083141 -0.111981 -0.040682 0.989390
1305031115.343330 -0.285550 -0.009862 0.166346 -0.087501 -0.107142 -0.037040 0.989693
1305031115.377110 -0.271500 -0.013409 0.175567 -0.095220 -0.113605 -0.034298 0.988358
1305031115.408700 -0.247243 -0.012583 0.183862 -0.098871 -0.118080 -0.028157 0.987668
1305031115.443099 -0.234020 -0.010887 0.187483 -0.103087 -0.116302 -0.023204 0.987577
1305031115.477052 -0.209879 -0.014643 0.199232 -0.107801 -0.117138 -0.018492 0.987074
1305031115.509346 -0.190409 -0.015684 0.207483 -0.108841 -0.120682 -0.012892 0.986622
1305031115.543612 -0.171638 -0.020069 0.213055 -0.111313 -0.121217 -0.007755 0.986334
1305031115.577302 -0.158211 -0.027459 0.211306 -0.114053 -0.117692 -0.002413 0.986476
1305031115.609426 -0.148791 -0.039577 0.210407 -0.118795 -0.115343 0.002573 0.986193
1305031115.643254 -0.139057 -0.041846 0.207548 -0.118356 -0.109416 0.011823 0.986854
1305031115.677174 -0.114910 -0.036492 0.212642 -0.117312 -0.112030 0.021906 0.986513
1305031115.708810 -0.100965 -0.034443 0.218325 -0.117582 -0.105824 0.029004 0.986983
1305031115.743077 -0.093994 -0.029384 0.216612 -0.115300 -0.103916 0.033167 0.987323
1305031115.776877 -0.074683 -0.027964 0.213726 -0.115963 -0.103357 0.038485 0.987111
1305031115.808851 -0.068927 -0.028415 0.212730 -0.118879 -0.094963 0.043734 0.987389
1305031115.842580 -0.058965 -0.032795 0.215127 -0.119705 -0.087458 0.049879 0.987691
1305031115.877273 -0.045661 -0.037110 0.201896 -0.120476 -0.085615 0.053019 0.987595
1305031115.910917 -0.037947 -0.030187 0.204979 -0.118913 -0.081543 0.054877 0.988028
1305031115.942663 -0.035501 -0.027851 0.205989 -0.119568 -0.076039 0.057169 0.988258
1305031115.977270 -0.043496 -0.026931 0.210750 -0.120521 -0.069043 0.055805 0.988733
1305031116.011111 -0.049318 -0.043320 0.198626 -0.127434 -0.059283 0.056289 0.988472
1305031116.042891 -0.058237 -0.048520 0.198705 -0.132586 -0.050839 0.056236 0.988268
1305031116.075778 -0.055898 -0.046143 0.207395 -0.135735 -0.049398 0.057915 0.987817
1305031116.109774 -0.040826 -0.051376 0.207840 -0.140233 -0.051847 0.059645 0.986960
1305031116.143444 -0.032092 -0.048800 0.211340 -0.141919 -0.046032 0.061755 0.986877
1305031116.177232 -0.020949 -0.047433 0.216272 -0.146167 -0.041081 0.064061 0.986328
1305031116.211309 -0.004017 -0.048668 0.222474 -0.149361 -0.038455 0.067200 0.985747
1305031116.243020 0.012741 -0.048173 0.216037 -0.148556 -0.036605 0.069250 0.985797
1305031116.276903 0.018752 -0.045390 0.214263 -0.149302 -0.031008 0.071329 0.985728
1305031116.311011 0.025384 -0.051150 0.224617 -0.153177 -0.025607 0.073142 0.985156
1305031116.342875 0.030390 -0.046072 0.226556 -0.146015 -0.023049 0.076668 0.986038
1305031116.376937 0.031739 -0.036426 0.219944 -0.138485 -0.020179 0.081398 0.986807
1305031116.410482 0.034025 -0.034951 0.218295 -0.141711 -0.017662 0.090167 0.985635
1305031116.442933 0.032986 -0.045439 0.222024 -0.146747 -0.016108 0.091407 0.984810
1305031116.476622 0.029807 -0.045122 0.218047 -0.143672 -0.016868 0.088135 0.985549
1305031116.510890 0.023216 -0.043512 0.211909 -0.139472 -0.016258 0.084099 0.986514
1305031116.542979 0.009598 -0.041261 0.208756 -0.138361 -0.015892 0.080538 0.986974
1305031116.576851 0.001215 -0.047133 0.207764 -0.139641 -0.022134 0.074800 0.987125
1305031116.611076 -0.012142 -0.047101 0.200880 -0.136551 -0.029775 0.066844 0.987927
1305031116.643009 -0.022839 -0.045458 0.198858 -0.134569 -0.035258 0.060637 0.988419
1305031116.676902 -0.035481 -0.046057 0.192102 -0.132946 -0.039213 0.052129 0.988974
1305031116.711288 -0.048678 -0.039286 0.188410 -0.129715 -0.042239 0.043715 0.989686
1305031116.741933 -0.063610 -0.039415 0.183399 -0.130583 -0.047114 0.033480 0.989751
1305031116.777179 -0.087768 -0.034236 0.185950 -0.126793 -0.044628 0.027049 0.990556
1305031116.811330 -0.091366 -0.032382 0.186815 -0.124968 -0.047312 0.026322 0.990682
1305031116.843229 -0.111492 -0.012965 0.196124 -0.117186 -0.045910 0.027683 0.991662
1305031116.875946 -0.116391 -0.001633 0.206874 -0.112126 -0.051021 0.030077 0.991927
1305031116.909999 -0.117816 0.015076 0.223142 -0.106049 -0.058418 0.031244 0.992152
1305031116.941961 -0.121018 0.021010 0.229844 -0.102554 -0.063038 0.030555 0.992258
1305031116.977004 -0.122614 0.025833 0.234779 -0.099742 -0.067477 0.031538 0.992222
1305031117.010097 -0.119369 0.028774 0.246369 -0.098423 -0.075710 0.028086 0.991863
1305031117.042663 -0.125161 0.027879 0.253510 -0.097832 -0.076774 0.025287 0.991915
1305031117.075351 -0.131974 0.035165 0.259984 -0.095948 -0.083183 0.025046 0.991588
1305031117.110846 -0.133314 0.035955 0.261359 -0.096912 -0.088549 0.023009 0.991079
1305031117.142801 -0.140410 0.044560 0.270693 -0.095082 -0.092828 0.020532 0.990919
1305031117.177162 -0.148209 0.047383 0.271369 -0.095519 -0.098453 0.018085 0.990382
1305031117.209557 -0.149592 0.054377 0.274035 -0.096656 -0.102522 0.016425 0.989887
1305031117.242309 -0.150196 0.051266 0.278664 -0.102225 -0.103460 0.011541 0.989299
1305031117.277907 -0.154886 0.046657 0.279474 -0.106968 -0.101154 0.009537 0.989058
1305031117.310660 -0.156889 0.041839 0.281013 -0.109514 -0.101581 0.008558 0.988744
1305031117.342144 -0.158254 0.036972 0.280945 -0.109543 -0.101393 0.008187 0.988763
1305031117.377260 -0.160585 0.030521 0.280558 -0.109147 -0.102183 0.009124 0.988718
1305031117.409880 -0.159125 0.028718 0.279909 -0.105618 -0.104282 0.010674 0.988866
1305031117.442741 -0.159861 0.021659 0.279738 -0.104760 -0.104712 0.012269 0.988893
1305031117.477527 -0.158645 0.013307 0.281194 -0.102541 -0.106658 0.014356 0.988890
1305031117.510103 -0.159353 0.010275 0.279491 -0.096716 -0.106964 0.015182 0.989431
1305031117.542011 -0.160612 0.004452 0.279566 -0.093599 -0.108181 0.013845 0.989618
1305031117.578507 -0.160951 -0.002039 0.281676 -0.092691 -0.109836 0.014851 0.989507
1305031117.609468 -0.161444 -0.010062 0.284070 -0.091324 -0.111743 0.016242 0.989399
1305031117.643268 -0.161966 -0.015522 0.286449 -0.090726 -0.114420 0.017102 0.989133
1305031117.677372 -0.160510 -0.025455 0.292261 -0.092241 -0.117665 0.019706 0.988564
1305031117.711200 -0.160076 -0.035004 0.296728 -0.092669 -0.119913 0.023122 0.988179
1305031117.743090 -0.159959 -0.040740 0.299583 -0.091775 -0.122339 0.025256 0.987913
1305031117.779218 -0.157024 -0.053976 0.307516 -0.094542 -0.125587 0.027438 0.987186
1305031117.811190 -0.151760 -0.061585 0.314723 -0.091962 -0.127266 0.028737 0.987178
1305031117.843299 -0.152561 -0.068270 0.317823 -0.090207 -0.123866 0.028645 0.987775
1305031117.879459 -0.154156 -0.080524 0.323417 -0.090790 -0.121774 0.028538 0.987985
1305031117.910084 -0.154229 -0.086312 0.327339 -0.088703 -0.119892 0.028308 0.988411
1305031117.943263 -0.157772 -0.093891 0.331039 -0.090102 -0.117251 0.027555 0.988623
1305031117.979246 -0.156630 -0.108576 0.339728 -0.093694 -0.117835 0.027262 0.988227
1305031118.011121 -0.156912 -0.117538 0.344842 -0.092721 -0.116505 0.027378 0.988473
1305031118.043535 -0.155328 -0.125310 0.350613 -0.092392 -0.116027 0.026121 0.988595
1305031118.079351 -0.153068 -0.137275 0.355668 -0.093140 -0.112832 0.024329 0.988940
1305031118.111040 -0.156741 -0.145069 0.358327 -0.091221 -0.107165 0.022386 0.989795
1305031118.142771 -0.156620 -0.157190 0.364814 -0.091714 -0.104737 0.020475 0.990050
1305031118.178746 -0.160721 -0.170497 0.367199 -0.089972 -0.100727 0.021368 0.990607
1305031118.210992 -0.161333 -0.178243 0.370140 -0.086425 -0.101603 0.021643 0.990827
1305031118.243061 -0.158428 -0.190173 0.376826 -0.083796 -0.102982 0.021617 0.990911
1305031118.279093 -0.158746 -0.196032 0.375676 -0.077142 -0.102662 0.021734 0.991482
1305031118.311015 -0.154939 -0.197489 0.381170 -0.071145 -0.103174 0.021738 0.991878
1305031118.342701 -0.159016 -0.206657 0.381503 -0.067689 -0.100005 0.020140 0.992477
1305031118.378106 -0.159355 -0.207176 0.381372 -0.065053 -0.101207 0.021394 0.992506
1305031118.410057 -0.156754 -0.207900 0.384910 -0.064182 -0.102114 0.024570 0.992396
1305031118.445698 -0.156916 -0.211337 0.387896 -0.064177 -0.102533 0.026741 0.992297
1305031118.478577 -0.154317 -0.207407 0.387786 -0.061129 -0.103275 0.028288 0.992370
1305031118.510728 -0.154692 -0.201756 0.387084 -0.061199 -0.102409 0.027191 0.992486
1305031118.544806 -0.152768 -0.200280 0.389130 -0.063596 -0.102183 0.026920 0.992366
1305031118.577831 -0.151663 -0.194816 0.388300 -0.063418 -0.100542 0.024449 0.992609
1305031118.613505 -0.154891 -0.187277 0.383763 -0.063688 -0.097261 0.021137 0.992994
1305031118.645328 -0.156693 -0.182456 0.382113 -0.067234 -0.095832 0.018839 0.992946
1305031118.677188 -0.158370 -0.180626 0.380675 -0.069089 -0.096040 0.015744 0.992852
1305031118.710781 -0.162250 -0.172032 0.372407 -0.066604 -0.096856 0.016071 0.992937
1305031118.746785 -0.162191 -0.151841 0.365603 -0.065483 -0.100618 0.015891 0.992641
1305031118.779034 -0.160387 -0.151977 0.365395 -0.071392 -0.103301 0.013861 0.991988
1305031118.810962 -0.156288 -0.143567 0.360256 -0.067873 -0.104095 0.015382 0.992129
1305031118.846764 -0.157009 -0.120620 0.349606 -0.063138 -0.101379 0.013308 0.992753
1305031118.877305 -0.157588 -0.117024 0.345628 -0.067246 -0.100356 0.010149 0.992625
1305031118.910392 -0.157639 -0.105461 0.337834 -0.065913 -0.098922 0.008395 0.992874
1305031118.946991 -0.160847 -0.089808 0.329017 -0.065259 -0.097107 0.004183 0.993123
1305031118.979384 -0.162933 -0.081369 0.322753 -0.069456 -0.097009 0.001684 0.992856
1305031119.010538 -0.164656 -0.074896 0.316561 -0.072436 -0.097281 0.000742 0.992617
1305031119.047176 -0.167941 -0.066524 0.308231 -0.073163 -0.098476 0.000318 0.992446
1305031119.079094 -0.167792 -0.058100 0.301947 -0.073773 -0.102234 0.001030 0.992021
1305031119.111106 -0.169140 -0.046398 0.293194 -0.073330 -0.105062 0.002399 0.991755
1305031119.147623 -0.167386 -0.042453 0.289283 -0.075004 -0.110012 0.002479 0.991093
1305031119.179244 -0.165017 -0.029581 0.282360 -0.071268 -0.112399 0.004362 0.991095
1305031119.211135 -0.165698 -0.018978 0.275535 -0.070288 -0.113228 0.005317 0.991065
1305031119.247530 -0.164505 -0.008822 0.270530 -0.069830 -0.114639 0.005281 0.990936
1305031119.279228 -0.166426 -0.000766 0.264929 -0.070215 -0.114232 0.007368 0.990942
1305031119.310984 -0.167218 0.006364 0.259924 -0.069905 -0.115643 0.009747 0.990780
1305031119.347745 -0.166161 0.021390 0.254764 -0.067493 -0.118205 0.010592 0.990636
1305031119.378935 -0.162151 0.029752 0.252948 -0.068686 -0.119494 0.010679 0.990399
1305031119.411488 -0.162546 0.037720 0.249389 -0.069774 -0.116861 0.010575 0.990638
1305031119.447716 -0.164577 0.049872 0.243033 -0.067376 -0.114035 0.009771 0.991141
1305031119.478475 -0.167422 0.058984 0.237803 -0.069171 -0.111963 0.009996 0.991252
1305031119.511249 -0.167716 0.070239 0.234296 -0.070160 -0.112037 0.011411 0.991158
1305031119.547398 -0.166323 0.085630 0.230844 -0.070741 -0.111522 0.011437 0.991175
1305031119.579564 -0.168661 0.090277 0.227888 -0.076300 -0.109006 0.011308 0.991044
1305031119.615021 -0.170402 0.104208 0.224502 -0.077863 -0.108248 0.012083 0.990996
1305031119.648396 -0.168122 0.117251 0.224924 -0.081254 -0.107474 0.009932 0.990832
1305031119.677387 -0.161432 0.135271 0.223480 -0.081743 -0.107390 0.013621 0.990757
1305031119.715240 -0.164850 0.141100 0.218948 -0.086637 -0.104810 0.017324 0.990560
1305031119.746039 -0.166297 0.150193 0.217820 -0.089636 -0.106303 0.019387 0.990096
1305031119.778899 -0.165138 0.160547 0.217616 -0.091522 -0.107929 0.023405 0.989660
1305031119.814554 -0.164731 0.170309 0.216497 -0.094093 -0.107178 0.027087 0.989407
1305031119.847437 -0.165136 0.174177 0.215913 -0.095842 -0.105432 0.026667 0.989438
1305031119.879223 -0.167401 0.189583 0.210314 -0.093080 -0.102682 0.027729 0.989961
1305031119.911412 -0.167478 0.196629 0.210190 -0.097571 -0.101504 0.027101 0.989668
1305031119.947427 -0.167576 0.202580 0.209003 -0.099653 -0.098475 0.025565 0.989807
1305031119.979542 -0.170238 0.213481 0.204041 -0.102473 -0.094138 0.026728 0.989911
1305031120.015274 -0.171829 0.208137 0.204072 -0.113083 -0.093311 0.027142 0.988822
1305031120.047300 -0.173189 0.207056 0.203084 -0.115618 -0.094942 0.029202 0.988315
1305031120.077554 -0.172704 0.212262 0.202484 -0.115533 -0.097676 0.031215 0.987996
1305031120.115241 -0.170087 0.208471 0.207635 -0.119012 -0.100143 0.032405 0.987298
1305031120.148166 -0.167846 0.201176 0.210177 -0.120161 -0.100376 0.035204 0.987039
1305031120.179254 -0.167048 0.194125 0.210799 -0.116946 -0.100515 0.035206 0.987411
1305031120.215255 -0.166912 0.192844 0.210830 -0.111391 -0.100390 0.033187 0.988136
1305031120.248011 -0.166379 0.185489 0.212687 -0.108862 -0.099676 0.031668 0.988540
1305031120.279436 -0.165707 0.176219 0.215881 -0.107073 -0.099564 0.029696 0.988808
1305031120.315205 -0.165552 0.168400 0.218188 -0.103349 -0.098970 0.028022 0.989312
1305031120.347792 -0.164431 0.156710 0.223421 -0.103162 -0.099696 0.027699 0.989268
1305031120.379441 -0.161932 0.144679 0.228072 -0.098470 -0.100943 0.028248 0.989604
1305031120.415468 -0.160463 0.125953 0.235214 -0.099490 -0.102427 0.026982 0.989385
1305031120.447425 -0.158646 0.111710 0.242390 -0.098724 -0.103851 0.027800 0.989290
1305031120.477507 -0.158286 0.086437 0.251985 -0.101513 -0.105902 0.028922 0.988758
1305031120.514848 -0.159731 0.065775 0.256159 -0.105299 -0.107010 0.029900 0.988214
1305031120.547771 -0.160445 0.058767 0.260192 -0.101722 -0.110363 0.033877 0.988092
1305031120.579555 -0.158275 0.049343 0.267614 -0.098908 -0.115297 0.036890 0.987706
1305031120.615253 -0.156804 0.043201 0.272955 -0.093003 -0.118526 0.037823 0.987862
1305031120.646980 -0.155032 0.036820 0.278968 -0.090184 -0.120586 0.039190 0.987821
1305031120.678893 -0.155195 0.028362 0.283227 -0.088276 -0.120857 0.040127 0.987922
1305031120.714538 -0.155824 0.018317 0.288437 -0.087679 -0.122878 0.040635 0.987706
1305031120.747383 -0.152089 0.008188 0.296205 -0.086050 -0.126431 0.041185 0.987377
1305031120.779901 -0.152338 0.003564 0.298267 -0.082073 -0.126392 0.040792 0.987737
1305031120.814924 -0.151694 -0.006469 0.303970 -0.083323 -0.127856 0.039015 0.987516
1305031120.847931 -0.148999 -0.015952 0.309879 -0.081110 -0.128491 0.037735 0.987668
1305031120.883445 -0.151029 -0.020972 0.310476 -0.078361 -0.126182 0.035561 0.988268
1305031120.915449 -0.151130 -0.030294 0.315514 -0.079044 -0.126205 0.033960 0.988267
1305031120.947499 -0.151874 -0.040105 0.318968 -0.078795 -0.126124 0.031869 0.988367
1305031120.983378 -0.151105 -0.050062 0.323288 -0.077555 -0.127184 0.031062 0.988354
1305031121.015024 -0.151750 -0.056136 0.325144 -0.076278 -0.126785 0.030298 0.988529
1305031121.047626 -0.152559 -0.070048 0.329887 -0.076756 -0.127953 0.029490 0.988366
1305031121.083108 -0.151585 -0.076447 0.332305 -0.073415 -0.129560 0.030116 0.988391
1305031121.114787 -0.151899 -0.085393 0.334707 -0.071851 -0.130078 0.029778 0.988448
1305031121.147343 -0.151548 -0.095171 0.338208 -0.070403 -0.131634 0.029507 0.988355
1305031121.183276 -0.148117 -0.104695 0.343983 -0.068291 -0.132536 0.029664 0.988378
1305031121.211426 -0.151546 -0.111047 0.344521 -0.065758 -0.129967 0.029089 0.988908
1305031121.247198 -0.152037 -0.121496 0.349721 -0.066755 -0.131275 0.030439 0.988627
1305031121.282849 -0.150342 -0.132350 0.354672 -0.064620 -0.131840 0.031290 0.988667
1305031121.313578 -0.153169 -0.139210 0.355747 -0.062373 -0.131893 0.032770 0.988757
1305031121.347528 -0.148619 -0.150893 0.364960 -0.061918 -0.135080 0.034148 0.988308
1305031121.383237 -0.148881 -0.157787 0.366915 -0.056885 -0.133926 0.033246 0.988799
1305031121.414323 -0.148678 -0.163687 0.370540 -0.055382 -0.133629 0.034576 0.988879
1305031121.447172 -0.145528 -0.177008 0.379429 -0.055539 -0.132754 0.036288 0.988926
1305031121.482990 -0.150095 -0.181207 0.377275 -0.051204 -0.129269 0.036958 0.989597
1305031121.514135 -0.149654 -0.186222 0.380452 -0.052024 -0.129382 0.037479 0.989520
1305031121.547040 -0.148550 -0.198432 0.387412 -0.054715 -0.128706 0.036607 0.989495
1305031121.583209 -0.147526 -0.205452 0.390931 -0.053378 -0.127344 0.035686 0.989778
1305031121.614709 -0.145948 -0.209808 0.393722 -0.052196 -0.123861 0.033059 0.990374
1305031121.647074 -0.151511 -0.218285 0.395436 -0.054795 -0.118709 0.030703 0.990940
1305031121.683206 -0.153316 -0.226347 0.397890 -0.055789 -0.117613 0.031654 0.990986
1305031121.714524 -0.152922 -0.230186 0.401145 -0.057275 -0.117667 0.032022 0.990883
1305031121.746814 -0.151881 -0.237743 0.406169 -0.059867 -0.117611 0.034283 0.990661
1305031121.782853 -0.149246 -0.240245 0.410235 -0.060912 -0.117227 0.036462 0.990564
1305031121.811543 -0.150471 -0.243665 0.411519 -0.063280 -0.114961 0.039236 0.990576
1305031121.847103 -0.151611 -0.246627 0.412240 -0.066237 -0.114033 0.044945 0.990247
1305031121.882092 -0.151882 -0.247503 0.412958 -0.068024 -0.115878 0.046606 0.989835
1305031121.914937 -0.148547 -0.247041 0.415984 -0.067882 -0.119197 0.046691 0.989446
1305031121.947303 -0.147463 -0.241123 0.414891 -0.066946 -0.119145 0.046474 0.989527
1305031121.982930 -0.149631 -0.239498 0.412495 -0.067562 -0.118646 0.043778 0.989668
1305031122.014340 -0.149592 -0.233930 0.409222 -0.065787 -0.120168 0.040298 0.989751
1305031122.047107 -0.148653 -0.227196 0.407026 -0.064534 -0.121198 0.036865 0.989842
1305031122.082964 -0.150050 -0.217013 0.400852 -0.062162 -0.120928 0.033094 0.990160
1305031122.114680 -0.149288 -0.209178 0.397652 -0.062345 -0.121846 0.027632 0.990204
1305031122.150736 -0.148308 -0.199131 0.392758 -0.060017 -0.121302 0.022812 0.990537
1305031122.183047 -0.150491 -0.178366 0.384580 -0.059369 -0.119540 0.017864 0.990892
1305031122.214964 -0.150243 -0.173969 0.384191 -0.064911 -0.119812 0.014866 0.990561
1305031122.251337 -0.153090 -0.162045 0.376176 -0.064625 -0.119845 0.012330 0.990610
1305031122.283713 -0.151266 -0.164359 0.387260 -0.071891 -0.124255 0.007283 0.989616
1305031122.314299 -0.160403 -0.158732 0.381723 -0.073991 -0.122494 0.002737 0.989703
1305031122.351339 -0.161831 -0.151375 0.377467 -0.079570 -0.124509 0.001806 0.989021
1305031122.382654 -0.162855 -0.147613 0.372684 -0.084906 -0.128686 0.001213 0.988043
1305031122.415003 -0.162290 -0.137131 0.365446 -0.086614 -0.133430 0.002426 0.987263
1305031122.451264 -0.160886 -0.130483 0.360766 -0.090470 -0.138908 0.002368 0.986161
1305031122.483374 -0.157840 -0.121625 0.355971 -0.091937 -0.143990 0.001302 0.985298
1305031122.515116 -0.154179 -0.111334 0.351393 -0.093232 -0.146168 -0.000271 0.984857
1305031122.551500 -0.155296 -0.103576 0.345650 -0.095002 -0.144513 -0.002349 0.984929
1305031122.583212 -0.159426 -0.098627 0.338969 -0.096895 -0.143281 -0.002070 0.984925
1305031122.614998 -0.158269 -0.088246 0.332113 -0.095367 -0.145355 -0.000826 0.984772
1305031122.648799 -0.158696 -0.079328 0.325361 -0.094896 -0.146108 0.000458 0.984707
1305031122.683411 -0.160306 -0.070474 0.319351 -0.095192 -0.148042 0.003302 0.984384
1305031122.715214 -0.157316 -0.054446 0.315225 -0.093059 -0.151809 0.004120 0.984011
1305031122.751303 -0.157287 -0.040310 0.310423 -0.095107 -0.152122 0.003326 0.983770
1305031122.783431 -0.156071 -0.034037 0.310508 -0.101092 -0.152269 0.001918 0.983154
1305031122.812560 -0.152526 -0.024645 0.309825 -0.102815 -0.149971 -0.000540 0.983330
1305031122.851452 -0.155301 -0.015833 0.303565 -0.106233 -0.142573 -0.000816 0.984066
1305031122.883765 -0.158127 -0.012033 0.300035 -0.110824 -0.139457 -0.000781 0.984007
1305031122.914578 -0.158459 -0.005576 0.296804 -0.112181 -0.138692 -0.000051 0.983961
1305031122.951377 -0.160964 0.004230 0.290495 -0.113483 -0.137438 0.003418 0.983982
1305031122.982908 -0.159812 0.008610 0.289699 -0.117071 -0.139058 0.006043 0.983321
1305031123.015456 -0.158466 0.014260 0.287573 -0.117097 -0.139001 0.007468 0.983316
1305031123.051832 -0.159345 0.027018 0.281428 -0.115128 -0.137436 0.009969 0.983747
1305031123.082983 -0.159833 0.037206 0.277851 -0.117791 -0.135997 0.011602 0.983613
1305031123.113906 -0.161716 0.043154 0.274678 -0.121316 -0.134540 0.010704 0.983396
1305031123.150831 -0.158091 0.056225 0.273847 -0.122487 -0.134455 0.011492 0.983253
1305031123.182166 -0.158386 0.066177 0.272117 -0.126553 -0.129818 0.010022 0.983377
1305031123.214714 -0.159934 0.078584 0.267927 -0.131358 -0.125569 0.008653 0.983312
1305031123.250629 -0.168021 0.098292 0.257173 -0.127908 -0.118896 0.002461 0.984630
1305031123.282355 -0.168135 0.105945 0.257403 -0.133776 -0.114886 0.001769 0.984328
1305031123.316159 -0.168394 0.113838 0.256668 -0.138896 -0.110632 0.001138 0.984107
1305031123.350487 -0.166812 0.122920 0.256716 -0.143542 -0.106553 0.003581 0.983885
1305031123.382259 -0.168468 0.126119 0.255600 -0.148487 -0.100903 0.003791 0.983746
1305031123.416353 -0.168617 0.135231 0.251745 -0.150132 -0.097925 0.004945 0.983792
1305031123.451261 -0.167133 0.144481 0.250523 -0.153966 -0.096377 0.008846 0.983325
1305031123.483599 -0.166951 0.148273 0.249218 -0.158527 -0.094405 0.010488 0.982775
1305031123.515543 -0.165882 0.155529 0.246942 -0.160219 -0.094548 0.012512 0.982463
1305031123.551543 -0.163109 0.162841 0.247647 -0.162620 -0.095272 0.015542 0.981955
1305031123.579599 -0.161681 0.174373 0.244738 -0.161651 -0.093989 0.016881 0.982217
1305031123.615861 -0.159182 0.182356 0.245258 -0.165318 -0.093029 0.016655 0.981702
1305031123.652421 -0.156600 0.189022 0.246416 -0.169251 -0.090697 0.017121 0.981242
1305031123.683769 -0.156864 0.194245 0.244410 -0.173870 -0.086473 0.017350 0.980811
1305031123.715649 -0.159024 0.191679 0.243440 -0.180272 -0.083053 0.017838 0.979942
1305031123.751852 -0.157877 0.192257 0.243052 -0.183048 -0.083865 0.019189 0.979332
1305031123.783998 -0.157340 0.194188 0.242372 -0.183941 -0.084174 0.020286 0.979116
1305031123.815652 -0.156987 0.191940 0.242196 -0.186638 -0.084148 0.022229 0.978566
1305031123.851498 -0.156040 0.183922 0.243852 -0.189951 -0.085976 0.022445 0.977764
1305031123.883802 -0.156201 0.183545 0.242876 -0.185816 -0.087219 0.022395 0.978450
1305031123.913518 -0.158445 0.185939 0.240593 -0.183769 -0.086162 0.024036 0.978891
1305031123.951486 -0.157611 0.169154 0.245933 -0.192101 -0.088933 0.025404 0.977007
1305031123.983418 -0.158162 0.161528 0.248553 -0.187655 -0.092751 0.025392 0.977516
1305031124.015520 -0.160296 0.161647 0.246983 -0.180923 -0.094333 0.026836 0.978595
1305031124.051518 -0.159936 0.151105 0.252419 -0.182495 -0.097591 0.027770 0.977957
1305031124.083869 -0.159159 0.139694 0.257858 -0.177838 -0.101241 0.027056 0.978464
1305031124.115500 -0.162252 0.137646 0.257090 -0.170816 -0.100683 0.025575 0.979812
1305031124.147452 -0.161300 0.123444 0.264266 -0.173049 -0.102877 0.023759 0.979237
1305031124.182701 -0.160543 0.117027 0.269141 -0.166098 -0.104875 0.023472 0.980236
1305031124.214288 -0.162288 0.110934 0.267991 -0.160485 -0.104895 0.024115 0.981153
1305031124.249333 -0.163604 0.100671 0.271557 -0.161106 -0.108717 0.024151 0.980634
1305031124.282550 -0.162756 0.085920 0.278148 -0.159494 -0.113285 0.024500 0.980371
1305031124.314072 -0.162667 0.079816 0.279666 -0.153148 -0.116568 0.024140 0.981007
1305031124.350362 -0.161261 0.069867 0.284624 -0.149824 -0.119664 0.023557 0.981162
1305031124.382426 -0.161025 0.057973 0.288166 -0.145429 -0.121133 0.023481 0.981644
1305031124.414997 -0.160578 0.048103 0.290595 -0.138325 -0.122518 0.022272 0.982527
1305031124.450251 -0.161321 0.035420 0.293016 -0.132562 -0.123390 0.020090 0.983259
1305031124.480113 -0.161785 0.014952 0.299790 -0.133095 -0.125174 0.017934 0.983003
1305031124.514030 -0.162761 0.004817 0.302548 -0.128594 -0.126716 0.015771 0.983442
1305031124.550470 -0.163643 -0.007351 0.306963 -0.125047 -0.129201 0.013748 0.983606
1305031124.582005 -0.163300 -0.018172 0.311465 -0.119981 -0.131943 0.012812 0.983886
1305031124.614505 -0.163535 -0.028093 0.315556 -0.115661 -0.134438 0.011365 0.984083
1305031124.651292 -0.161427 -0.040730 0.323103 -0.112262 -0.137466 0.010389 0.984069
1305031124.682417 -0.161008 -0.048792 0.326856 -0.106728 -0.137919 0.008858 0.984636
1305031124.713521 -0.162331 -0.061769 0.332042 -0.105061 -0.137802 0.007265 0.984845
1305031124.749916 -0.162811 -0.073285 0.337526 -0.101898 -0.139131 0.007139 0.984992
1305031124.782271 -0.162971 -0.081761 0.342782 -0.098946 -0.140243 0.007040 0.985136
1305031124.814001 -0.163567 -0.094696 0.350775 -0.099447 -0.141812 0.006737 0.984863
1305031124.850547 -0.159806 -0.104966 0.361402 -0.097066 -0.143776 0.006826 0.984815
1305031124.881474 -0.160247 -0.111593 0.367863 -0.096021 -0.141734 0.006873 0.985213
1305031124.915109 -0.161273 -0.121893 0.376049 -0.099014 -0.140536 0.006664 0.985090
1305031124.950739 -0.162595 -0.139258 0.386210 -0.099897 -0.139683 0.008934 0.985104
1305031124.982949 -0.167215 -0.142359 0.385975 -0.093480 -0.139986 0.009677 0.985683
1305031125.015460 -0.162931 -0.144564 0.394089 -0.090068 -0.143957 0.011782 0.985406
1305031125.050780 -0.164271 -0.156299 0.400609 -0.091945 -0.142416 0.014485 0.985421
1305031125.081422 -0.165828 -0.168433 0.406586 -0.091776 -0.143237 0.015622 0.985300
1305031125.115196 -0.163308 -0.174231 0.413030 -0.087014 -0.144920 0.014295 0.985506
1305031125.151025 -0.166094 -0.176000 0.414397 -0.085944 -0.141350 0.014831 0.986111
1305031125.183208 -0.168474 -0.190225 0.420889 -0.090808 -0.139755 0.014334 0.985909
1305031125.215169 -0.170647 -0.202219 0.425814 -0.089191 -0.139541 0.011972 0.986119
1305031125.250637 -0.170943 -0.204494 0.427766 -0.085046 -0.139607 0.011676 0.986479
1305031125.282932 -0.171225 -0.215478 0.434680 -0.086066 -0.138250 0.012017 0.986577
1305031125.315316 -0.173492 -0.220125 0.435439 -0.081278 -0.136781 0.008922 0.987221
1305031125.348889 -0.170187 -0.222490 0.442453 -0.080545 -0.136650 0.005436 0.987325
1305031125.383096 -0.171087 -0.227303 0.445073 -0.080617 -0.130062 0.004223 0.988214
1305031125.415454 -0.174162 -0.233400 0.449200 -0.083680 -0.124650 0.001238 0.988665
1305031125.451213 -0.174295 -0.241697 0.453412 -0.084046 -0.121186 -0.000285 0.989065
1305031125.483212 -0.176149 -0.241149 0.452882 -0.082504 -0.116915 -0.001406 0.989708
1305031125.515335 -0.175635 -0.243547 0.454408 -0.083197 -0.114272 -0.003521 0.989953
1305031125.551035 -0.175543 -0.245660 0.456445 -0.084670 -0.111083 -0.006159 0.990179
1305031125.582305 -0.177496 -0.251222 0.457585 -0.084810 -0.107383 -0.006728 0.990571
1305031125.614702 -0.182352 -0.254658 0.451863 -0.080913 -0.105177 -0.003929 0.991149
1305031125.650465 -0.184564 -0.246350 0.443664 -0.075127 -0.108379 -0.002255 0.991264
1305031125.681965 -0.181149 -0.247830 0.444004 -0.074650 -0.114720 0.000022 0.990589
1305031125.713556 -0.176956 -0.234353 0.436283 -0.067772 -0.117629 0.002525 0.990739
1305031125.751276 -0.175490 -0.228077 0.432623 -0.067720 -0.119054 -0.000463 0.990575
1305031125.783076 -0.173578 -0.219149 0.427257 -0.066995 -0.118641 -0.001454 0.990673
1305031125.815511 -0.174782 -0.214083 0.423376 -0.069596 -0.116917 -0.004198 0.990691
1305031125.851093 -0.177148 -0.207897 0.415966 -0.069856 -0.116565 -0.005262 0.990709
1305031125.882982 -0.180352 -0.197472 0.408719 -0.073120 -0.118616 -0.004716 0.990233
1305031125.915319 -0.179579 -0.196500 0.407739 -0.078306 -0.125334 -0.001976 0.989018
1305031125.951298 -0.173326 -0.186186 0.404785 -0.078731 -0.134157 0.001629 0.987826
1305031125.983209 -0.163496 -0.178101 0.406256 -0.081948 -0.142883 0.002152 0.986339
1305031126.015452 -0.158645 -0.164237 0.405775 -0.084389 -0.145809 0.002812 0.985703
1305031126.051181 -0.158297 -0.153606 0.402405 -0.089157 -0.144160 0.002639 0.985526
1305031126.083216 -0.157846 -0.146642 0.400878 -0.094163 -0.143626 0.001122 0.985141
1305031126.115411 -0.158388 -0.131514 0.395261 -0.095946 -0.141752 0.002352 0.985239
1305031126.151216 -0.160481 -0.129974 0.397247 -0.100712 -0.141154 0.002844 0.984847
1305031126.183279 -0.159132 -0.123437 0.395329 -0.106067 -0.141879 0.001960 0.984183
1305031126.215396 -0.158379 -0.108432 0.390226 -0.108084 -0.140503 0.001422 0.984162
1305031126.251267 -0.157517 -0.098208 0.387916 -0.112812 -0.139113 -0.000321 0.983830
1305031126.283234 -0.155867 -0.090364 0.386875 -0.118603 -0.136981 -0.001934 0.983446
1305031126.315559 -0.155898 -0.080163 0.383245 -0.122664 -0.133369 -0.004094 0.983438
1305031126.351389 -0.157886 -0.071255 0.378043 -0.126634 -0.129712 -0.006550 0.983410
1305031126.383453 -0.158353 -0.061430 0.373821 -0.131305 -0.127990 -0.008875 0.983005
1305031126.415629 -0.158379 -0.056479 0.370756 -0.137427 -0.126447 -0.008716 0.982369
1305031126.451370 -0.159527 -0.048996 0.364705 -0.140329 -0.125640 -0.006440 0.982080
1305031126.484960 -0.159022 -0.034857 0.359687 -0.142137 -0.127264 -0.004681 0.981621
1305031126.516865 -0.155743 -0.025186 0.359832 -0.148083 -0.129005 -0.004343 0.980515
1305031126.552792 -0.154164 -0.016889 0.357304 -0.152560 -0.127052 -0.003182 0.980088
1305031126.584815 -0.154179 -0.010006 0.354478 -0.158341 -0.124906 -0.002671 0.979448
1305031126.615108 -0.151533 -0.007126 0.355980 -0.163960 -0.124135 -0.001278 0.978625
1305031126.650925 -0.150643 -0.001649 0.352248 -0.166187 -0.121425 0.002620 0.978586
1305031126.684751 -0.148610 0.004742 0.350161 -0.169037 -0.120245 0.005351 0.978233
1305031126.713676 -0.147498 0.004684 0.349556 -0.171875 -0.118446 0.007700 0.977942
1305031126.751345 -0.145983 0.011042 0.345216 -0.170881 -0.117280 0.010782 0.978227
1305031126.783472 -0.142287 0.015588 0.344658 -0.170974 -0.116318 0.011555 0.978317
1305031126.815765 -0.141589 0.018277 0.341450 -0.171390 -0.112306 0.011375 0.978715
1305031126.852860 -0.140537 0.020133 0.339720 -0.172231 -0.110571 0.011436 0.978764
1305031126.883756 -0.139044 0.021179 0.338795 -0.172551 -0.108855 0.010599 0.978910
1305031126.915387 -0.140162 0.020852 0.335924 -0.173767 -0.106772 0.011562 0.978913
1305031126.951469 -0.138722 0.018442 0.337592 -0.175487 -0.108455 0.012658 0.978408
1305031126.983326 -0.138062 0.018291 0.337007 -0.173998 -0.109417 0.013253 0.978559
1305031127.015448 -0.137609 0.019917 0.335503 -0.172470 -0.109614 0.014458 0.978790
1305031127.050308 -0.137734 0.017996 0.336668 -0.173557 -0.110202 0.014445 0.978532
1305031127.083974 -0.140055 0.014273 0.337004 -0.174326 -0.111405 0.015207 0.978247
1305031127.116199 -0.139825 0.011397 0.339363 -0.173686 -0.115237 0.016344 0.977899
1305031127.152499 -0.139832 0.011962 0.338215 -0.170593 -0.117920 0.016360 0.978123
1305031127.183424 -0.138811 0.011262 0.341288 -0.169735 -0.120103 0.016631 0.978002
1305031127.216765 -0.138501 0.006859 0.344444 -0.168657 -0.120773 0.015861 0.978119
1305031127.253568 -0.140088 0.006375 0.341840 -0.165416 -0.119956 0.014780 0.978790
1305031127.283252 -0.141378 0.003540 0.345080 -0.166025 -0.120912 0.014028 0.978580
1305031127.315915 -0.141392 -0.002737 0.349384 -0.165597 -0.122990 0.013852 0.978396
1305031127.350381 -0.142547 -0.001930 0.347109 -0.161628 -0.123250 0.013681 0.979030
1305031127.381487 -0.143393 -0.003252 0.349082 -0.161266 -0.124374 0.013114 0.978955
1305031127.415511 -0.143673 -0.008976 0.353428 -0.161889 -0.126025 0.012952 0.978643
1305031127.450789 -0.145208 -0.006890 0.350798 -0.158314 -0.126169 0.012252 0.979218
1305031127.483281 -0.146304 -0.007727 0.353202 -0.159263 -0.127346 0.011163 0.978925
1305031127.516628 -0.146093 -0.012395 0.357369 -0.160315 -0.128795 0.011291 0.978562
1305031127.550537 -0.146871 -0.011765 0.356060 -0.157789 -0.128773 0.011108 0.978977
1305031127.582989 -0.147503 -0.010576 0.356109 -0.157523 -0.129084 0.010987 0.978981
1305031127.615964 -0.147082 -0.014377 0.360216 -0.159762 -0.129870 0.012270 0.978499
1305031127.651007 -0.147282 -0.015716 0.360152 -0.158322 -0.130140 0.013119 0.978686
1305031127.683204 -0.148126 -0.013197 0.357993 -0.156510 -0.130369 0.012705 0.978952
1305031127.717293 -0.147622 -0.015481 0.361254 -0.158440 -0.131439 0.012935 0.978496
1305031127.750999 -0.147832 -0.018652 0.362224 -0.158201 -0.131585 0.013124 0.978512
1305031127.783494 -0.148822 -0.016682 0.359649 -0.155523 -0.131410 0.012106 0.978978
1305031127.815979 -0.149260 -0.017455 0.360167 -0.155869 -0.131517 0.011281 0.978918
1305031127.851249 -0.150308 -0.019156 0.360659 -0.156254 -0.131589 0.010763 0.978853
1305031127.883251 -0.151264 -0.019017 0.360062 -0.155616 -0.132183 0.010374 0.978879
1305031127.917018 -0.151846 -0.017591 0.359792 -0.155744 -0.132759 0.010562 0.978779
1305031127.951227 -0.151737 -0.018539 0.362660 -0.157755 -0.133962 0.010558 0.978293
1305031127.983232 -0.151013 -0.017585 0.364017 -0.158450 -0.134368 0.010324 0.978127
1305031128.016602 -0.150543 -0.019876 0.369368 -0.161912 -0.134078 0.011173 0.977590
1305031128.051543 -0.150948 -0.023114 0.371642 -0.162840 -0.133653 0.011849 0.977486
1305031128.083270 -0.151032 -0.023243 0.371919 -0.162050 -0.133666 0.012689 0.977605
1305031128.118069 -0.150438 -0.023325 0.374096 -0.162921 -0.134019 0.014375 0.977389
1305031128.152600 -0.149148 -0.027631 0.377776 -0.163727 -0.134609 0.015635 0.977154
1305031128.183285 -0.150037 -0.026168 0.374998 -0.160862 -0.133787 0.015959 0.977737
1305031128.218444 -0.150237 -0.025408 0.374882 -0.160919 -0.134149 0.016301 0.977672
1305031128.251743 -0.149377 -0.028764 0.378036 -0.162272 -0.135172 0.016364 0.977307
1305031128.285306 -0.149973 -0.027464 0.376114 -0.160182 -0.134791 0.015810 0.977713
1305031128.317827 -0.150738 -0.027507 0.375572 -0.160065 -0.134700 0.014860 0.977760
1305031128.351315 -0.150957 -0.029063 0.376813 -0.160665 -0.135422 0.013329 0.977584
1305031128.385401 -0.151302 -0.029691 0.376451 -0.159879 -0.135400 0.012183 0.977730
1305031128.417473 -0.152204 -0.029817 0.375379 -0.159232 -0.135145 0.010944 0.977886
1305031128.451397 -0.152390 -0.030863 0.376026 -0.159626 -0.135587 0.009868 0.977772
1305031128.484409 -0.152274 -0.031621 0.375844 -0.159259 -0.135456 0.009246 0.977856
1305031128.517519 -0.152035 -0.032046 0.376313 -0.159344 -0.135160 0.008713 0.977888
1305031128.551519 -0.152151 -0.034814 0.377209 -0.159643 -0.134610 0.008316 0.977919
1305031128.585457 -0.153336 -0.035589 0.375529 -0.158356 -0.134063 0.008502 0.978202
1305031128.617382 -0.154167 -0.035731 0.374161 -0.157737 -0.134881 0.008772 0.978187
1305031128.651453 -0.153190 -0.036932 0.375307 -0.157726 -0.136828 0.008697 0.977919
1305031128.684865 -0.151983 -0.036601 0.375502 -0.156276 -0.137364 0.008010 0.978082
1305031128.717216 -0.152062 -0.036262 0.374339 -0.155130 -0.136319 0.006801 0.978420
