1305031102.167856 0 0 0 0 0 0 1.000000
1305031102.167856 -0.001004 0.004920 0.037994 -0.015150 -0.009581 -0.000386 0.999839
1305031102.269106 -0.002382 0.002917 0.063955 -0.022539 -0.013229 0.001660 0.999657
1305031102.336214 -0.002017 0.004114 0.076408 -0.024672 -0.015403 0.001910 0.999575
1305031102.369171 -0.003966 0.011918 0.111724 -0.038444 -0.023433 -0.000101 0.998986
1305031102.468856 -0.004166 0.006912 0.156176 -0.051890 -0.020147 -0.004851 0.998438
1305031102.568755 -0.012162 0.013801 0.186593 -0.048271 -0.015402 -0.003075 0.998711
1305031102.669279 -0.011640 0.020243 0.211404 -0.049707 -0.016197 -0.000463 0.998632
1305031102.735828 -0.009228 0.021276 0.226946 -0.052314 -0.015199 -0.001912 0.998513
1305031102.769511 -0.011405 0.025301 0.252881 -0.055698 -0.007920 -0.004344 0.998407
1305031102.835914 -0.015260 0.028374 0.263842 -0.054753 -0.003770 -0.007277 0.998466
1305031102.869086 -0.030121 0.036533 0.293347 -0.054962 -0.004076 -0.011498 0.998414
1305031102.968670 -0.021450 0.044072 0.331956 -0.058613 -0.023392 -0.001963 0.998005
1305031103.068796 -0.021842 0.054277 0.349684 -0.057856 -0.022995 0.000259 0.998060
1305031103.136213 -0.022325 0.061280 0.356734 -0.057039 -0.021331 0.000286 0.998144
1305031103.169124 -0.029012 0.072285 0.377866 -0.077404 -0.021248 0.009071 0.996732
1305031103.268973 -0.015965 0.067606 0.392511 -0.090782 -0.039184 0.013228 0.995012
1305031103.368866 -0.019459 0.059332 0.385017 -0.093976 -0.039252 0.013862 0.994704
1305031103.435858 -0.017518 0.055475 0.382912 -0.094243 -0.043197 0.012628 0.994531
1305031103.469580 -0.016377 0.045032 0.370366 -0.088712 -0.046669 0.008917 0.994923
1305031103.537473 -0.017016 0.042277 0.356927 -0.083533 -0.047498 0.009464 0.995327
1305031103.569062 -0.015792 0.033213 0.336764 -0.078541 -0.054985 0.012053 0.995320
1305031103.637411 -0.013439 0.029976 0.326550 -0.075346 -0.058129 0.011840 0.995391
1305031103.669559 -0.009341 0.019878 0.303870 -0.070796 -0.059624 0.010883 0.995648
1305031103.737434 -0.009306 0.017461 0.286993 -0.066722 -0.058541 0.006905 0.996029
1305031103.769104 -0.012112 0.014006 0.254687 -0.068867 -0.055330 0.000213 0.996090
1305031103.836809 -0.012063 0.003914 0.246331 -0.076862 -0.058654 -0.001106 0.995314
1305031103.868870 -0.008121 -0.006877 0.218707 -0.074069 -0.066050 -0.003004 0.995059
1305031103.936857 -0.005300 -0.013355 0.207306 -0.072946 -0.068564 -0.003726 0.994969
1305031103.968917 0.004651 -0.021968 0.182071 -0.061620 -0.068151 -0.006664 0.995748
1305031104.036764 0.005347 -0.020816 0.166417 -0.056133 -0.063012 -0.009658 0.996386
1305031104.068984 0.006911 -0.033397 0.140186 -0.049741 -0.051308 -0.012473 0.997365
1305031104.137261 0.006724 -0.036048 0.125415 -0.045437 -0.047857 -0.013132 0.997734
1305031104.169432 0.010386 -0.045072 0.087028 -0.032212 -0.040938 -0.013805 0.998547
1305031104.269441 0.012433 -0.045875 0.063946 -0.024319 -0.033710 -0.014540 0.999030
1305031104.337373 0.011932 -0.046508 0.053373 -0.022175 -0.028607 -0.014408 0.999241
1305031104.369591 0.006378 -0.048455 0.029390 -0.020111 -0.021793 -0.013806 0.999465
1305031104.437362 0.002606 -0.050836 0.018835 -0.020715 -0.022140 -0.013140 0.999454
1305031104.469434 0.004749 -0.057558 0.001441 -0.017493 -0.027431 -0.010471 0.999416
1305031104.537409 0.011048 -0.061407 -0.005654 -0.013594 -0.028701 -0.009377 0.999452
1305031104.569246 0.020967 -0.065345 -0.025925 0.008186 -0.018594 -0.008461 0.999758
1305031104.637305 0.029739 -0.074569 -0.057281 0.043953 0.001995 -0.003539 0.999025
1305031104.737108 0.030098 -0.074684 -0.068240 0.055814 0.009261 -0.002084 0.998396
1305031104.769253 0.032151 -0.069416 -0.077876 0.067752 0.015743 0.000142 0.997578
1305031104.805482 0.031222 -0.066614 -0.085145 0.076281 0.022752 0.002365 0.996824
1305031104.837110 0.027033 -0.061231 -0.090859 0.082626 0.026910 0.004333 0.996208
1305031104.869303 0.028573 -0.057526 -0.091918 0.085232 0.027593 0.006784 0.995956
1305031104.905349 0.028052 -0.056022 -0.091417 0.086109 0.028611 0.007340 0.995848
1305031104.937177 0.027144 -0.045964 -0.080671 0.081421 0.027458 0.008676 0.996264
1305031105.004816 0.025644 -0.044850 -0.071913 0.075284 0.027159 0.007229 0.996766
1305031105.036900 0.025667 -0.044536 -0.060641 0.067906 0.026127 0.005558 0.997334
1305031105.068882 0.023175 -0.047599 -0.049170 0.061212 0.025540 0.004356 0.997788
1305031105.104469 0.016994 -0.038490 -0.035809 0.056096 0.023787 0.001294 0.998141
1305031105.136688 0.013418 -0.047563 -0.001659 0.027247 0.015928 -0.003605 0.999495
1305031105.204740 0.005801 -0.046032 0.030059 0.007096 0.004314 -0.006795 0.999942
1305031105.268838 0.004885 -0.048651 0.048741 -0.004675 -0.003840 -0.006547 0.999960
1305031105.304895 0.004660 -0.053394 0.064550 -0.014376 -0.010723 -0.006550 0.999818
1305031105.336090 0.002265 -0.053744 0.077953 -0.018122 -0.015397 -0.006783 0.999694
1305031105.368812 0.000308 -0.050490 0.088923 -0.023647 -0.019751 -0.008563 0.999489
1305031105.404738 0.000251 -0.055093 0.105704 -0.032247 -0.024281 -0.008821 0.999146
1305031105.436826 -0.002502 -0.054644 0.118207 -0.035998 -0.026936 -0.009658 0.998942
1305031105.468350 -0.003187 -0.053696 0.131720 -0.041077 -0.029443 -0.010328 0.998669
1305031105.504632 -0.004440 -0.055242 0.147226 -0.046156 -0.029865 -0.009441 0.998443
1305031105.536433 -0.007638 -0.053687 0.159694 -0.049139 -0.030192 -0.009994 0.998285
1305031105.568779 -0.007195 -0.055388 0.176760 -0.052983 -0.031374 -0.009176 0.998060
1305031105.604285 -0.005722 -0.053828 0.220589 -0.056606 -0.030519 -0.006112 0.997911
1305031105.704772 -0.006879 -0.048498 0.230151 -0.054270 -0.025906 -0.006852 0.998167
1305031105.736824 -0.006641 -0.047710 0.246684 -0.055505 -0.021052 -0.006984 0.998212
1305031105.768861 -0.008435 -0.046419 0.258266 -0.054419 -0.015048 -0.007013 0.998380
1305031105.804669 -0.006474 -0.044381 0.271421 -0.053488 -0.011777 -0.006238 0.998480
1305031105.836639 -0.005432 -0.039501 0.279101 -0.052757 -0.006304 -0.005019 0.998575
1305031105.868787 -0.005704 -0.037016 0.291213 -0.056313 -0.001459 -0.000715 0.998412
1305031105.904640 -0.005364 -0.031494 0.302972 -0.058786 0.002105 0.001659 0.998267
1305031105.936563 -0.006437 -0.026883 0.316300 -0.063328 0.004881 0.002738 0.997977
1305031105.970761 -0.005700 -0.022340 0.329190 -0.067845 0.007151 0.004223 0.997661
1305031106.004778 -0.007105 -0.017524 0.341899 -0.072353 0.009926 0.005125 0.997317
1305031106.036751 -0.008267 -0.013004 0.353367 -0.076430 0.011140 0.006658 0.996990
1305031106.070695 -0.010933 -0.003622 0.375654 -0.088819 0.010292 0.010319 0.995941
1305031106.136900 -0.012508 -0.000660 0.385549 -0.092805 0.009211 0.011182 0.995579
1305031106.170932 -0.013560 0.003971 0.404282 -0.096780 0.006041 0.016148 0.995156
1305031106.236662 -0.014956 0.010856 0.409529 -0.096699 0.004835 0.017046 0.995156
1305031106.271181 -0.014428 0.014194 0.415372 -0.100437 0.003315 0.020056 0.994736
1305031106.304706 -0.016330 0.023736 0.418533 -0.103418 0.002733 0.021475 0.994402
1305031106.336736 -0.017615 0.025626 0.422551 -0.112008 0.003671 0.010977 0.993640
1305031106.370773 -0.019042 0.021197 0.425705 -0.119217 0.009680 0.002754 0.992817
1305031106.404800 -0.024280 0.018256 0.424085 -0.120258 0.015345 -0.002214 0.992622
1305031106.436959 -0.027123 0.014711 0.419723 -0.120594 0.015414 -0.003526 0.992576
1305031106.470695 -0.028624 0.009463 0.414464 -0.120006 0.012400 -0.002952 0.992691
1305031106.504612 -0.026260 0.005688 0.394266 -0.111552 0.004647 -0.005226 0.993734
1305031106.569848 -0.027120 0.004426 0.383255 -0.110537 0.001460 -0.008016 0.993839
1305031106.604515 -0.027747 -0.003488 0.374137 -0.111845 -0.001275 -0.009997 0.993675
1305031106.636992 -0.028117 -0.005825 0.358572 -0.108822 -0.004579 -0.010203 0.993998
1305031106.671280 -0.032085 -0.009473 0.348707 -0.110559 -0.008685 -0.009861 0.993783
1305031106.705309 -0.031481 -0.014615 0.333919 -0.109179 -0.015775 -0.009631 0.993850
1305031106.736445 -0.027439 -0.018934 0.319791 -0.108301 -0.023627 -0.008984 0.993797
1305031106.771258 -0.026447 -0.020182 0.303472 -0.107436 -0.028035 -0.009276 0.993773
1305031106.804799 -0.028444 -0.029088 0.292950 -0.109516 -0.031265 -0.009766 0.993445
1305031106.837034 -0.025679 -0.032643 0.277948 -0.102959 -0.034821 -0.013741 0.993981
1305031106.871399 -0.025998 -0.034102 0.257472 -0.098235 -0.034107 -0.019356 0.994390
1305031106.904536 -0.025497 -0.042165 0.246264 -0.097891 -0.033948 -0.023107 0.994350
1305031106.937118 -0.025014 -0.050928 0.231618 -0.093112 -0.032268 -0.026208 0.994787
1305031106.971390 -0.028138 -0.050624 0.205051 -0.084606 -0.028025 -0.032645 0.995485
1305031107.005226 -0.028748 -0.057104 0.192745 -0.085717 -0.025726 -0.034373 0.995394
1305031107.036815 -0.033199 -0.069544 0.174783 -0.083488 -0.023300 -0.036042 0.995584
1305031107.070919 -0.032849 -0.070721 0.156614 -0.077760 -0.024174 -0.037599 0.995970
1305031107.104748 -0.030300 -0.070506 0.142464 -0.074982 -0.023939 -0.037606 0.996188
1305031107.136784 -0.028760 -0.079885 0.132944 -0.074695 -0.023065 -0.037927 0.996218
1305031107.170681 -0.025403 -0.087317 0.121009 -0.069467 -0.022113 -0.039568 0.996554
1305031107.204783 -0.025485 -0.086501 0.105520 -0.061846 -0.018578 -0.040175 0.997104
1305031107.239202 -0.022623 -0.091450 0.094986 -0.056874 -0.016045 -0.039905 0.997454
1305031107.271235 -0.020279 -0.098822 0.085617 -0.051028 -0.013242 -0.040109 0.997804
1305031107.305249 -0.018088 -0.105529 0.072661 -0.040910 -0.010056 -0.041435 0.998253
1305031107.339154 -0.016227 -0.099996 0.059342 -0.029467 -0.005349 -0.042038 0.998667
1305031107.371298 -0.013997 -0.101363 0.051264 -0.022958 -0.001015 -0.043019 0.998810
1305031107.405308 -0.011977 -0.098004 0.043966 -0.016289 0.003522 -0.043093 0.998932
1305031107.439173 -0.009099 -0.098953 0.039664 -0.013244 0.007820 -0.042254 0.998989
1305031107.471259 -0.007577 -0.094352 0.033836 -0.010500 0.011614 -0.042237 0.998985
1305031107.504889 -0.005231 -0.095220 0.034369 -0.013220 0.014354 -0.040524 0.998988
1305031107.539217 -0.002016 -0.100534 0.035396 -0.014613 0.016133 -0.037638 0.999054
1305031107.571234 0.000406 -0.092502 0.035190 -0.012273 0.017345 -0.036207 0.999118
1305031107.605087 0.001220 -0.093018 0.037053 -0.016129 0.018962 -0.035072 0.999075
1305031107.639133 0.001420 -0.093212 0.038319 -0.017618 0.019542 -0.034508 0.999058
1305031107.671374 0.001049 -0.089554 0.039893 -0.018493 0.019485 -0.033507 0.999077
1305031107.705348 -0.000970 -0.085852 0.040888 -0.021408 0.018739 -0.032876 0.999054
1305031107.739289 -0.000262 -0.087580 0.044114 -0.025066 0.015708 -0.033766 0.998992
1305031107.771848 0.001271 -0.085433 0.046858 -0.027092 0.013563 -0.033574 0.998977
1305031107.805570 0.004633 -0.085000 0.049473 -0.029959 0.012382 -0.033818 0.998902
1305031107.839541 0.009817 -0.088512 0.053508 -0.031651 0.012337 -0.036972 0.998739
1305031107.869431 0.011680 -0.088256 0.055838 -0.030655 0.015537 -0.039567 0.998626
1305031107.905381 0.015878 -0.089274 0.058840 -0.028947 0.018877 -0.040089 0.998598
1305031107.938365 0.022595 -0.089390 0.061386 -0.026342 0.022976 -0.039925 0.998591
1305031107.970324 0.032557 -0.089625 0.062546 -0.022466 0.026793 -0.042303 0.998493
1305031108.004895 0.037219 -0.087527 0.062845 -0.019668 0.035572 -0.040583 0.998349
1305031108.039121 0.050956 -0.088698 0.067557 -0.018480 0.043958 -0.035600 0.998228
1305031108.071311 0.062496 -0.090261 0.070015 -0.015871 0.049178 -0.036143 0.998010
1305031108.105371 0.072279 -0.087425 0.071081 -0.013127 0.053108 -0.035653 0.997866
1305031108.139307 0.081714 -0.084372 0.066525 -0.014471 0.057213 -0.032686 0.997722
1305031108.171708 0.093228 -0.087280 0.071959 -0.020138 0.058556 -0.033041 0.997534
1305031108.205350 0.109972 -0.092834 0.079347 -0.022196 0.060471 -0.034443 0.997329
1305031108.239280 0.117509 -0.089329 0.074549 -0.021192 0.066035 -0.034768 0.996986
1305031108.271509 0.123589 -0.085827 0.076794 -0.024491 0.068673 -0.033709 0.996769
1305031108.305439 0.132287 -0.083319 0.082018 -0.029793 0.068240 -0.031589 0.996724
1305031108.339149 0.140126 -0.082185 0.086546 -0.035253 0.066873 -0.026070 0.996798
1305031108.371347 0.152567 -0.081839 0.091760 -0.040114 0.063283 -0.019782 0.996993
1305031108.405323 0.165805 -0.079942 0.095912 -0.043991 0.062174 -0.013239 0.997008
1305031108.439317 0.180466 -0.082833 0.100754 -0.047528 0.061351 -0.006256 0.996964
1305031108.471575 0.202085 -0.085260 0.106021 -0.047334 0.062015 -0.001194 0.996951
1305031108.507463 0.216656 -0.085114 0.108502 -0.042505 0.068328 -0.002390 0.996754
1305031108.539274 0.227814 -0.081968 0.100783 -0.038228 0.073577 -0.005063 0.996544
1305031108.571284 0.241060 -0.081687 0.103986 -0.038516 0.079377 -0.004497 0.996090
1305031108.607477 0.247557 -0.079596 0.102624 -0.037946 0.086839 -0.003451 0.995493
1305031108.638757 0.262331 -0.075369 0.102932 -0.039563 0.091415 0.000365 0.995027
1305031108.671282 0.267989 -0.078514 0.107501 -0.044599 0.100739 0.003424 0.993907
1305031108.707378 0.274135 -0.080765 0.111385 -0.046615 0.106732 0.004045 0.993186
1305031108.739277 0.282116 -0.079396 0.110749 -0.047241 0.110688 0.006303 0.992712
1305031108.771262 0.286498 -0.080677 0.113067 -0.049011 0.114640 0.011207 0.992134
1305031108.807307 0.290492 -0.082673 0.112217 -0.048232 0.114765 0.017709 0.992063
1305031108.839214 0.293702 -0.082192 0.109243 -0.045746 0.111576 0.024319 0.992405
1305031108.872025 0.296345 -0.085303 0.108954 -0.043621 0.107957 0.029681 0.992755
1305031108.907452 0.292783 -0.087681 0.105673 -0.038885 0.105070 0.031025 0.993220
1305031108.939179 0.286955 -0.082930 0.098722 -0.033748 0.099296 0.029516 0.994047
1305031108.971256 0.291610 -0.081368 0.096035 -0.033816 0.092611 0.028950 0.994707
1305031109.007166 0.284792 -0.083083 0.094000 -0.033332 0.091522 0.026152 0.994901
1305031109.039116 0.276182 -0.075894 0.090203 -0.033090 0.088738 0.020554 0.995293
1305031109.071250 0.276394 -0.076909 0.090729 -0.037511 0.083937 0.017860 0.995605
1305031109.107288 0.261140 -0.081062 0.090579 -0.039443 0.082155 0.014536 0.995733
1305031109.139151 0.247728 -0.077253 0.084781 -0.038931 0.075984 0.011840 0.996278
1305031109.170656 0.236108 -0.068280 0.076298 -0.041750 0.072394 0.015023 0.996389
1305031109.207384 0.234529 -0.077959 0.080628 -0.054266 0.065971 0.019430 0.996155
1305031109.238807 0.226287 -0.086270 0.080443 -0.058036 0.060078 0.022146 0.996259
1305031109.270816 0.205656 -0.083566 0.074318 -0.055109 0.052477 0.023671 0.996819
1305031109.307393 0.185179 -0.080901 0.066182 -0.057667 0.044839 0.023723 0.997046
1305031109.338925 0.184722 -0.084926 0.074346 -0.061949 0.032533 0.023544 0.997271
1305031109.370140 0.178608 -0.083854 0.068865 -0.062531 0.022403 0.020528 0.997580
1305031109.407358 0.165511 -0.082373 0.068058 -0.066267 0.017272 0.015913 0.997526
1305031109.438885 0.154316 -0.085106 0.070747 -0.069889 0.014299 0.012992 0.997368
1305031109.471363 0.139349 -0.086925 0.072203 -0.069993 0.012241 0.008822 0.997433
1305031109.507233 0.130187 -0.088620 0.068597 -0.068219 0.009129 0.006671 0.997606
1305031109.539505 0.118430 -0.087297 0.064757 -0.067756 0.008442 0.006683 0.997644
1305031109.571407 0.106683 -0.086415 0.063193 -0.067805 0.006105 0.004381 0.997670
1305031109.607455 0.097548 -0.086053 0.062137 -0.068774 0.003752 0.003985 0.997617
1305031109.639276 0.084248 -0.084001 0.061126 -0.070911 0.003343 0.006156 0.997458
1305031109.671417 0.073395 -0.081703 0.058338 -0.073448 -0.000527 0.005666 0.997283
1305031109.707289 0.061848 -0.080415 0.062048 -0.078039 -0.004131 0.005383 0.996927
1305031109.739166 0.052523 -0.081620 0.065198 -0.081746 -0.006899 0.005980 0.996611
1305031109.771373 0.037525 -0.079089 0.063389 -0.083407 -0.007199 0.004831 0.996478
1305031109.807384 0.023551 -0.078041 0.064987 -0.086846 -0.009431 0.004234 0.996168
1305031109.839103 0.007927 -0.076556 0.067671 -0.090532 -0.012302 0.002796 0.995814
1305031109.873288 -0.006966 -0.078831 0.071528 -0.092712 -0.017657 -0.001481 0.995535
1305031109.905900 -0.016623 -0.072913 0.068484 -0.093158 -0.021765 -0.005463 0.995398
1305031109.939129 -0.030814 -0.074315 0.073894 -0.098494 -0.023965 -0.009814 0.994801
1305031109.972735 -0.043338 -0.073022 0.076362 -0.100793 -0.027036 -0.016506 0.994403
1305031110.005456 -0.055217 -0.071797 0.080382 -0.103265 -0.028800 -0.023064 0.993969
1305031110.037328 -0.069714 -0.069290 0.080962 -0.105002 -0.028791 -0.028338 0.993651
1305031110.071722 -0.083996 -0.067783 0.085386 -0.109580 -0.030266 -0.032260 0.992993
1305031110.106361 -0.097570 -0.072076 0.088598 -0.112162 -0.033562 -0.034721 0.992516
1305031110.137875 -0.106289 -0.064198 0.086990 -0.111657 -0.037799 -0.035509 0.992393
1305031110.171982 -0.118386 -0.065681 0.092265 -0.116290 -0.040954 -0.036228 0.991709
1305031110.207399 -0.129972 -0.068244 0.094624 -0.117631 -0.044968 -0.035370 0.991408
1305031110.239116 -0.136340 -0.068005 0.096144 -0.116004 -0.050197 -0.035435 0.991346
1305031110.275357 -0.150058 -0.067608 0.093248 -0.113365 -0.052471 -0.036916 0.991480
1305031110.307526 -0.160522 -0.063954 0.091702 -0.111493 -0.057264 -0.037307 0.991412
1305031110.337462 -0.172822 -0.063792 0.091004 -0.110718 -0.062798 -0.040367 0.991044
1305031110.375444 -0.184996 -0.055611 0.086510 -0.108302 -0.068851 -0.041909 0.990845
1305031110.407475 -0.193726 -0.050633 0.090043 -0.111637 -0.075856 -0.043991 0.989873
1305031110.439454 -0.210184 -0.052285 0.092899 -0.114935 -0.081473 -0.049252 0.988800
1305031110.474959 -0.223692 -0.050131 0.092646 -0.114936 -0.088298 -0.052369 0.988054
1305031110.506984 -0.232330 -0.043015 0.090688 -0.114672 -0.095437 -0.054425 0.987310
1305031110.538970 -0.240038 -0.038647 0.090781 -0.118326 -0.102426 -0.058490 0.985945
1305031110.575551 -0.245615 -0.043897 0.097849 -0.124305 -0.108177 -0.061073 0.984437
1305031110.607798 -0.255072 -0.045520 0.098130 -0.123243 -0.110464 -0.064185 0.984118
1305031110.639452 -0.260230 -0.036372 0.093255 -0.120432 -0.113262 -0.065343 0.984072
1305031110.675691 -0.266040 -0.039268 0.096469 -0.125073 -0.115597 -0.066300 0.983157
1305031110.705684 -0.271268 -0.040608 0.097152 -0.125892 -0.117577 -0.067630 0.982727
1305031110.739345 -0.273004 -0.037877 0.096272 -0.125015 -0.119978 -0.067853 0.982534
1305031110.774463 -0.275893 -0.036988 0.096363 -0.125489 -0.120424 -0.069473 0.982306
1305031110.805535 -0.280663 -0.037630 0.096704 -0.127342 -0.121670 -0.071635 0.981758
1305031110.839233 -0.277443 -0.038450 0.097356 -0.127633 -0.125069 -0.071069 0.981334
1305031110.875303 -0.276855 -0.036259 0.097720 -0.127592 -0.126245 -0.071395 0.981165
1305031110.906617 -0.270878 -0.036859 0.098553 -0.127780 -0.129770 -0.072084 0.980630
1305031110.941265 -0.259288 -0.032288 0.099670 -0.126400 -0.131105 -0.071901 0.980645
1305031110.975331 -0.251826 -0.032972 0.104398 -0.128362 -0.126928 -0.071621 0.980960
1305031111.007550 -0.247013 -0.034716 0.102124 -0.127990 -0.120417 -0.069874 0.981955
1305031111.041498 -0.243992 -0.033110 0.099903 -0.129562 -0.115669 -0.068536 0.982414
1305031111.075444 -0.236273 -0.037028 0.105089 -0.132412 -0.113217 -0.065806 0.982506
1305031111.107583 -0.228873 -0.039259 0.106320 -0.131203 -0.109973 -0.064860 0.983100
1305031111.141234 -0.218169 -0.039163 0.103536 -0.128386 -0.105712 -0.064808 0.983942
1305031111.175132 -0.209188 -0.041292 0.100580 -0.127286 -0.096523 -0.062537 0.985175
1305031111.205414 -0.205944 -0.042323 0.104926 -0.126760 -0.091763 -0.063674 0.985625
1305031111.239953 -0.196172 -0.045666 0.102698 -0.123182 -0.088892 -0.062288 0.986430
1305031111.274623 -0.188714 -0.041762 0.095756 -0.118247 -0.082300 -0.060149 0.987738
1305031111.306929 -0.184237 -0.040868 0.096447 -0.121669 -0.083289 -0.060511 0.987217
1305031111.341428 -0.164718 -0.052090 0.103916 -0.124489 -0.088106 -0.055913 0.986719
1305031111.375021 -0.156447 -0.050907 0.099668 -0.119141 -0.087937 -0.056618 0.987353
1305031111.407104 -0.136695 -0.048238 0.105625 -0.118351 -0.096266 -0.060354 0.986450
1305031111.441167 -0.115285 -0.050155 0.110052 -0.115079 -0.092199 -0.059605 0.987271
1305031111.475089 -0.107589 -0.050371 0.107976 -0.110423 -0.079526 -0.060792 0.988831
1305031111.507398 -0.098336 -0.052867 0.109262 -0.106801 -0.071433 -0.060205 0.989882
1305031111.541366 -0.092876 -0.048250 0.100901 -0.101071 -0.058236 -0.055866 0.991601
1305031111.575279 -0.090080 -0.047449 0.101495 -0.101334 -0.050443 -0.050582 0.992285
1305031111.607331 -0.078432 -0.053278 0.104495 -0.099001 -0.049461 -0.043747 0.992894
1305031111.641400 -0.067073 -0.045237 0.094282 -0.090558 -0.039335 -0.037295 0.994415
1305031111.675286 -0.053810 -0.044694 0.099037 -0.089699 -0.031372 -0.036553 0.994803
1305031111.707776 -0.037647 -0.049345 0.099459 -0.086244 -0.019719 -0.033456 0.995517
1305031111.741445 -0.031286 -0.044851 0.094616 -0.080957 0.001279 -0.031430 0.996221
1305031111.775326 -0.019073 -0.047046 0.099216 -0.078603 0.014049 -0.031769 0.996301
1305031111.805741 -0.010567 -0.046660 0.093648 -0.074301 0.025438 -0.031151 0.996425
1305031111.841316 -0.010161 -0.041068 0.092543 -0.072451 0.036839 -0.027737 0.996305
1305031111.875214 -0.008102 -0.047022 0.093345 -0.073036 0.040018 -0.022536 0.996271
1305031111.907355 0.007288 -0.044693 0.093070 -0.069941 0.035645 -0.014162 0.996813
1305031111.941490 0.033875 -0.043148 0.093494 -0.068268 0.033013 -0.006532 0.997099
1305031111.975471 0.053949 -0.044933 0.095358 -0.066705 0.038177 -0.006215 0.997023
1305031112.007514 0.067400 -0.046495 0.091142 -0.062993 0.046426 -0.009029 0.996893
1305031112.041341 0.084765 -0.047396 0.089863 -0.060871 0.056654 -0.009564 0.996491
1305031112.075035 0.091476 -0.047024 0.085048 -0.057477 0.067447 -0.015433 0.995946
1305031112.106959 0.110611 -0.048473 0.080795 -0.057518 0.069698 -0.021151 0.995684
1305031112.141725 0.125960 -0.049716 0.080208 -0.059820 0.081552 -0.024542 0.994570
1305031112.174367 0.128438 -0.053009 0.089925 -0.060336 0.094812 -0.030987 0.993182
1305031112.209493 0.138423 -0.056845 0.092053 -0.055135 0.104598 -0.035281 0.992358
1305031112.239513 0.138443 -0.053280 0.090166 -0.047773 0.114887 -0.040132 0.991417
1305031112.274420 0.150523 -0.056940 0.089553 -0.042414 0.116263 -0.041302 0.991453
1305031112.307451 0.162262 -0.058362 0.088358 -0.035852 0.116370 -0.040301 0.991740
1305031112.339556 0.173881 -0.057823 0.088922 -0.031045 0.114885 -0.036230 0.992232
1305031112.375296 0.186535 -0.057556 0.088340 -0.028306 0.112285 -0.032043 0.992756
1305031112.409467 0.200039 -0.060286 0.088376 -0.026413 0.110813 -0.025727 0.993157
1305031112.441227 0.208848 -0.058692 0.088057 -0.022056 0.110348 -0.015981 0.993520
1305031112.475242 0.217909 -0.060163 0.087523 -0.019949 0.107152 -0.008034 0.994010
1305031112.509087 0.228357 -0.061567 0.086647 -0.017558 0.103617 -0.003897 0.994455
1305031112.540761 0.237629 -0.060099 0.085321 -0.014838 0.100483 0.001888 0.994826
1305031112.573361 0.253763 -0.056350 0.083559 -0.013350 0.098297 0.008453 0.995032
1305031112.609001 0.266119 -0.056034 0.082623 -0.015654 0.103351 0.015643 0.994399
1305031112.641332 0.268368 -0.058249 0.084057 -0.018112 0.110399 0.018441 0.993551
1305031112.675638 0.271172 -0.055944 0.084845 -0.019269 0.115023 0.020253 0.992969
1305031112.709288 0.273456 -0.045095 0.084616 -0.020795 0.118749 0.023610 0.992426
1305031112.741395 0.273845 -0.050466 0.086566 -0.029661 0.122860 0.027188 0.991608
1305031112.775416 0.272648 -0.052355 0.084096 -0.031122 0.121867 0.028221 0.991657
1305031112.809424 0.268111 -0.047354 0.080278 -0.032626 0.116621 0.026194 0.992295
1305031112.841423 0.275376 -0.047061 0.081068 -0.036595 0.110118 0.029282 0.992813
1305031112.875252 0.268927 -0.047832 0.083055 -0.039698 0.107731 0.031653 0.992883
1305031112.909328 0.262252 -0.050465 0.085636 -0.042522 0.102654 0.030443 0.993341
1305031112.941322 0.261323 -0.049517 0.085539 -0.042960 0.094746 0.028761 0.994158
1305031112.975221 0.262169 -0.044366 0.082927 -0.043066 0.088539 0.029084 0.994716
1305031113.009259 0.261981 -0.045250 0.082385 -0.047723 0.083494 0.026701 0.995007
1305031113.041361 0.252946 -0.053850 0.081960 -0.050682 0.080029 0.021857 0.995263
1305031113.075231 0.242503 -0.050047 0.076197 -0.047126 0.074111 0.017040 0.995990
1305031113.109489 0.228531 -0.048850 0.068592 -0.049826 0.073247 0.016478 0.995932
1305031113.141485 0.220216 -0.056292 0.070539 -0.054856 0.070237 0.017873 0.995860
1305031113.175215 0.205715 -0.055889 0.067457 -0.052732 0.064933 0.019173 0.996311
1305031113.209220 0.191472 -0.054100 0.059051 -0.054587 0.057596 0.020718 0.996631
1305031113.241479 0.174690 -0.059980 0.065373 -0.058195 0.054407 0.022647 0.996564
1305031113.275391 0.160035 -0.065425 0.067230 -0.055143 0.048149 0.025400 0.996993
1305031113.309387 0.141770 -0.061749 0.054511 -0.049480 0.038210 0.025102 0.997728
1305031113.341324 0.119648 -0.061929 0.054334 -0.053327 0.031757 0.023701 0.997791
1305031113.375345 0.109513 -0.068309 0.060648 -0.054675 0.023273 0.023905 0.997947
1305031113.409488 0.098818 -0.064774 0.050442 -0.052101 0.014361 0.019671 0.998345
1305031113.441526 0.080806 -0.065260 0.051093 -0.056273 0.007718 0.014568 0.998279
1305031113.477484 0.065159 -0.065626 0.057509 -0.060337 0.001524 0.013183 0.998090
1305031113.509755 0.051513 -0.067000 0.062884 -0.062567 -0.005450 0.010557 0.997970
1305031113.541329 0.038049 -0.066104 0.057124 -0.062290 -0.010640 0.005724 0.997985
1305031113.577133 0.026653 -0.066260 0.059734 -0.065311 -0.014834 0.001473 0.997754
1305031113.609242 0.014769 -0.065645 0.062904 -0.067957 -0.016192 -0.001870 0.997555
1305031113.640820 -0.000623 -0.066147 0.063198 -0.069156 -0.015316 -0.005440 0.997473
1305031113.676766 -0.011861 -0.066359 0.066349 -0.069515 -0.016103 -0.009865 0.997402
1305031113.708094 -0.023842 -0.064302 0.067072 -0.068247 -0.014321 -0.015196 0.997450
1305031113.739927 -0.041222 -0.066210 0.066828 -0.067738 -0.010720 -0.019836 0.997448
1305031113.776744 -0.054235 -0.064662 0.065797 -0.066347 -0.009843 -0.021960 0.997506
1305031113.808516 -0.067382 -0.060784 0.066411 -0.066137 -0.007793 -0.025109 0.997464
1305031113.840866 -0.085994 -0.068542 0.069960 -0.067085 -0.006191 -0.029440 0.997294
1305031113.876740 -0.096845 -0.063231 0.068478 -0.062494 -0.008170 -0.029837 0.997566
1305031113.908825 -0.105707 -0.063503 0.070887 -0.060408 -0.007733 -0.031669 0.997641
1305031113.940926 -0.122022 -0.062152 0.070402 -0.056747 -0.005210 -0.036955 0.997691
1305031113.976769 -0.141040 -0.059883 0.067634 -0.052997 -0.002722 -0.042489 0.997687
1305031114.009170 -0.164824 -0.057552 0.068683 -0.051031 -0.002375 -0.044752 0.997691
1305031114.040924 -0.180195 -0.057979 0.068712 -0.048949 -0.007417 -0.044828 0.997767
1305031114.076791 -0.192007 -0.054718 0.066221 -0.046078 -0.013664 -0.047633 0.997708
1305031114.108832 -0.204862 -0.053164 0.068250 -0.045920 -0.018968 -0.050172 0.997504
1305031114.140923 -0.214157 -0.057116 0.072152 -0.044777 -0.022557 -0.051937 0.997391
1305031114.176725 -0.225328 -0.045327 0.069051 -0.039692 -0.023318 -0.054069 0.997476
1305031114.208779 -0.243984 -0.045296 0.073386 -0.042246 -0.024409 -0.057816 0.997134
1305031114.240905 -0.265233 -0.044529 0.074042 -0.042167 -0.028036 -0.059550 0.996940
1305031114.275233 -0.274081 -0.042496 0.073862 -0.043223 -0.037315 -0.058519 0.996652
1305031114.309070 -0.276691 -0.043627 0.076922 -0.044821 -0.046084 -0.060175 0.996116
1305031114.341125 -0.284465 -0.044576 0.079387 -0.045072 -0.049326 -0.063955 0.995713
1305031114.376813 -0.298876 -0.043605 0.079877 -0.043927 -0.050018 -0.068470 0.995430
1305031114.408994 -0.313692 -0.040938 0.080417 -0.043551 -0.052887 -0.069869 0.995201
1305031114.440943 -0.325239 -0.041365 0.083884 -0.044177 -0.059646 -0.070451 0.994750
1305031114.476911 -0.331677 -0.040426 0.081036 -0.044746 -0.068642 -0.071120 0.994097
1305031114.508919 -0.334825 -0.043401 0.082758 -0.048780 -0.073842 -0.069466 0.993651
1305031114.541595 -0.339543 -0.044879 0.084479 -0.050413 -0.074721 -0.065909 0.993746
1305031114.577211 -0.345013 -0.041993 0.085172 -0.052036 -0.075243 -0.063356 0.993789
1305031114.609476 -0.352015 -0.042687 0.089628 -0.057141 -0.077245 -0.061993 0.993441
1305031114.644143 -0.357699 -0.045018 0.092205 -0.060481 -0.083142 -0.062352 0.992745
1305031114.677453 -0.354909 -0.047987 0.094226 -0.061853 -0.089763 -0.060557 0.992194
1305031114.708724 -0.353810 -0.049266 0.095693 -0.061114 -0.094137 -0.063295 0.991664
1305031114.743238 -0.351786 -0.048587 0.093916 -0.058660 -0.096637 -0.066377 0.991370
1305031114.777068 -0.350494 -0.044454 0.092655 -0.057381 -0.096556 -0.067007 0.991410
1305031114.809307 -0.349000 -0.045689 0.092367 -0.057880 -0.097583 -0.069516 0.991108
1305031114.842673 -0.344725 -0.042626 0.091220 -0.057566 -0.098164 -0.069209 0.991090
1305031114.877169 -0.340920 -0.040889 0.090929 -0.058381 -0.098600 -0.069373 0.990988
1305031114.910192 -0.331365 -0.038933 0.092172 -0.060653 -0.099915 -0.071013 0.990603
1305031114.943249 -0.326977 -0.037738 0.091690 -0.062834 -0.096870 -0.071954 0.990702
1305031114.977345 -0.321268 -0.034344 0.092646 -0.066628 -0.095167 -0.073703 0.990491
1305031115.009240 -0.310764 -0.037096 0.099690 -0.071395 -0.093480 -0.074854 0.990233
1305031115.043519 -0.305170 -0.036289 0.096446 -0.072896 -0.088714 -0.075833 0.990487
1305031115.075408 -0.292196 -0.034542 0.104143 -0.075968 -0.084574 -0.075037 0.990679
1305031115.109152 -0.279462 -0.036246 0.108167 -0.077708 -0.076300 -0.073774 0.991311
1305031115.143285 -0.273979 -0.035488 0.107805 -0.078944 -0.070895 -0.073892 0.991606
1305031115.176041 -0.261204 -0.038682 0.118700 -0.080432 -0.068688 -0.071132 0.991843
1305031115.208914 -0.248280 -0.045289 0.119455 -0.077794 -0.063201 -0.069315 0.992547
1305031115.242136 -0.241356 -0.040674 0.114148 -0.075036 -0.056905 -0.067066 0.993294
1305031115.276717 -0.225811 -0.043944 0.127337 -0.076098 -0.051727 -0.060617 0.993911
1305031115.308619 -0.217704 -0.043404 0.118510 -0.071688 -0.039627 -0.058812 0.994903
1305031115.343330 -0.214097 -0.040193 0.111199 -0.075477 -0.032822 -0.054674 0.995106
1305031115.377110 -0.206161 -0.044653 0.112551 -0.081912 -0.036180 -0.055337 0.994444
1305031115.408700 -0.186029 -0.046710 0.115991 -0.085648 -0.038512 -0.050030 0.994323
1305031115.443099 -0.174420 -0.046295 0.117484 -0.089652 -0.035699 -0.044714 0.994328
1305031115.477052 -0.155547 -0.048069 0.128115 -0.092696 -0.033637 -0.040652 0.994295
1305031115.509346 -0.134467 -0.050784 0.129935 -0.092266 -0.020999 -0.035186 0.994891
1305031115.543612 -0.125281 -0.051153 0.127805 -0.090458 -0.005675 -0.031584 0.995383
1305031115.577302 -0.111591 -0.052445 0.127163 -0.089158 0.001898 -0.026782 0.995656
1305031115.609426 -0.098546 -0.054200 0.126381 -0.087179 0.010403 -0.020028 0.995937
1305031115.643254 -0.091388 -0.056013 0.121154 -0.085062 0.017092 -0.010461 0.996174
1305031115.677174 -0.068299 -0.052685 0.118881 -0.082819 0.015098 -0.000937 0.996450
1305031115.708810 -0.044030 -0.052044 0.123490 -0.081912 0.019624 0.006187 0.996427
1305031115.743077 -0.029844 -0.053702 0.119281 -0.079487 0.030281 0.012202 0.996301
1305031115.776877 -0.010474 -0.051482 0.115579 -0.077918 0.038389 0.019660 0.996026
1305031115.808851 0.006968 -0.050407 0.117537 -0.078999 0.048093 0.026546 0.995360
1305031115.842580 0.016286 -0.055492 0.116955 -0.078753 0.056395 0.033452 0.994735
1305031115.877273 0.035028 -0.052033 0.113597 -0.075121 0.058216 0.038696 0.994721
1305031115.910917 0.047825 -0.047885 0.113100 -0.073868 0.066014 0.044393 0.994090
1305031115.942663 0.063918 -0.047068 0.109964 -0.074900 0.071473 0.050219 0.993358
1305031115.977270 0.083605 -0.045278 0.109638 -0.076634 0.078374 0.053587 0.992529
1305031116.011111 0.091660 -0.040894 0.113062 -0.077495 0.093625 0.054083 0.991112
1305031116.042891 0.100139 -0.036898 0.110163 -0.080509 0.106243 0.057254 0.989420
1305031116.075778 0.114525 -0.033716 0.116245 -0.085712 0.115388 0.059780 0.987808
1305031116.109774 0.122747 -0.032347 0.123159 -0.088827 0.125309 0.061515 0.986217
1305031116.143444 0.131368 -0.028982 0.124595 -0.089417 0.131488 0.063898 0.985207
1305031116.177232 0.143265 -0.026742 0.126182 -0.092430 0.136696 0.067016 0.984012
1305031116.211309 0.157752 -0.028863 0.128652 -0.095185 0.141216 0.070332 0.982879
1305031116.243020 0.165417 -0.027507 0.126482 -0.094094 0.151391 0.073198 0.981259
1305031116.276903 0.175574 -0.023054 0.124465 -0.094449 0.159062 0.075877 0.979807
1305031116.311011 0.191409 -0.021830 0.129473 -0.094292 0.161042 0.078006 0.979331
1305031116.342875 0.196533 -0.021233 0.129646 -0.088329 0.163938 0.078495 0.979368
1305031116.376937 0.191325 -0.030015 0.115782 -0.087876 0.168298 0.081300 0.978440
1305031116.410482 0.193571 -0.027068 0.113605 -0.088725 0.170188 0.090757 0.977204
1305031116.442933 0.198698 -0.037187 0.117059 -0.093225 0.170137 0.094899 0.976400
1305031116.476622 0.198169 -0.036857 0.113954 -0.091031 0.168070 0.091481 0.977291
1305031116.510890 0.187813 -0.035020 0.110299 -0.087708 0.169562 0.086686 0.977774
1305031116.542979 0.176251 -0.029905 0.112810 -0.086279 0.169563 0.082776 0.978240
1305031116.576851 0.169485 -0.031270 0.116439 -0.086919 0.163364 0.076942 0.979713
1305031116.611076 0.154375 -0.036928 0.114779 -0.088513 0.156398 0.069071 0.981292
1305031116.643009 0.144715 -0.039349 0.112022 -0.090062 0.146992 0.061243 0.983123
1305031116.676902 0.129776 -0.041284 0.109249 -0.091128 0.142421 0.052171 0.984221
1305031116.711288 0.114045 -0.041386 0.108679 -0.093546 0.137985 0.041726 0.985123
1305031116.741933 0.098450 -0.041678 0.108706 -0.096826 0.133224 0.031671 0.985836
1305031116.777179 0.081385 -0.045914 0.111995 -0.099019 0.129630 0.023817 0.986318
1305031116.811330 0.058739 -0.042864 0.109439 -0.096681 0.122716 0.016556 0.987583
1305031116.843229 0.040262 -0.043088 0.109774 -0.099104 0.112296 0.011295 0.988656
1305031116.875946 0.020982 -0.040623 0.112327 -0.098460 0.102601 0.007335 0.989811
1305031116.909999 0.009226 -0.037331 0.110776 -0.099077 0.086456 0.001519 0.991316
1305031116.941961 -0.012441 -0.033209 0.113800 -0.097713 0.076823 -0.008078 0.992212
1305031116.977004 -0.028611 -0.030334 0.113890 -0.096234 0.064537 -0.015973 0.993136
1305031117.010097 -0.034710 -0.030223 0.110780 -0.097946 0.050564 -0.019925 0.993707
1305031117.042663 -0.047860 -0.027379 0.112272 -0.100052 0.039887 -0.025572 0.993853
1305031117.075351 -0.065224 -0.024555 0.113163 -0.101973 0.030265 -0.026361 0.993977
1305031117.110846 -0.071556 -0.022127 0.109928 -0.104547 0.018206 -0.025741 0.994020
1305031117.142801 -0.077385 -0.020461 0.112297 -0.107830 0.007743 -0.029961 0.993688
1305031117.177162 -0.083491 -0.018912 0.112604 -0.109686 0.000942 -0.032607 0.993431
1305031117.209557 -0.084605 -0.013231 0.112759 -0.111705 -0.002507 -0.034069 0.993154
1305031117.242309 -0.085812 -0.015017 0.116977 -0.117239 -0.002683 -0.038530 0.992352
1305031117.277907 -0.090347 -0.018955 0.118733 -0.121946 -0.000297 -0.039866 0.991736
1305031117.310660 -0.092407 -0.023724 0.120845 -0.124698 -0.000693 -0.040436 0.991370
1305031117.342144 -0.094239 -0.028460 0.121208 -0.124762 -0.000533 -0.040802 0.991347
1305031117.377260 -0.097525 -0.034674 0.121629 -0.124362 -0.001236 -0.039773 0.991439
1305031117.409880 -0.096504 -0.036763 0.120871 -0.120923 -0.003512 -0.038597 0.991905
1305031117.442741 -0.097924 -0.043544 0.121067 -0.119891 -0.003996 -0.036872 0.992094
1305031117.477527 -0.098279 -0.051594 0.121910 -0.117529 -0.005633 -0.035240 0.992428
1305031117.510103 -0.099691 -0.054756 0.120847 -0.111827 -0.006236 -0.034897 0.993095
1305031117.542011 -0.101273 -0.060472 0.121445 -0.109018 -0.007750 -0.036336 0.993345
1305031117.578507 -0.101951 -0.066832 0.123837 -0.108116 -0.009444 -0.035331 0.993465
1305031117.609468 -0.103517 -0.074698 0.126578 -0.106730 -0.011156 -0.034152 0.993639
1305031117.643268 -0.104066 -0.080075 0.129083 -0.106243 -0.013901 -0.033185 0.993689
1305031117.677372 -0.102834 -0.089627 0.134901 -0.107539 -0.016996 -0.030508 0.993587
1305031117.711200 -0.102967 -0.098441 0.139505 -0.107520 -0.019077 -0.026999 0.993653
1305031117.743090 -0.103069 -0.104485 0.142628 -0.106724 -0.021523 -0.024887 0.993744
1305031117.779218 -0.100958 -0.116135 0.150225 -0.108830 -0.024341 -0.022188 0.993515
1305031117.811190 -0.097026 -0.123340 0.155738 -0.105855 -0.025536 -0.021624 0.993818
1305031117.843299 -0.098202 -0.128540 0.159574 -0.103508 -0.022152 -0.021624 0.994147
1305031117.879459 -0.099772 -0.141676 0.165301 -0.104399 -0.020126 -0.021734 0.994094
1305031117.910084 -0.099938 -0.146914 0.169498 -0.102101 -0.018306 -0.022219 0.994357
1305031117.943263 -0.103410 -0.153939 0.174245 -0.103412 -0.015628 -0.022655 0.994258
1305031117.979246 -0.102629 -0.167430 0.183180 -0.106623 -0.015938 -0.022311 0.993921
1305031118.011121 -0.102766 -0.175464 0.188819 -0.105346 -0.014748 -0.022109 0.994080
1305031118.043535 -0.101277 -0.183231 0.194450 -0.105064 -0.014197 -0.023469 0.994087
1305031118.079351 -0.098302 -0.195958 0.200689 -0.105644 -0.011160 -0.024971 0.994028
1305031118.111040 -0.101944 -0.201364 0.205341 -0.103087 -0.005768 -0.026664 0.994298
1305031118.142771 -0.102050 -0.214278 0.211494 -0.103911 -0.003241 -0.028494 0.994173
1305031118.178746 -0.105201 -0.227983 0.216054 -0.102418 -0.000099 -0.027309 0.994366
1305031118.210992 -0.105747 -0.236448 0.219895 -0.099366 -0.001225 -0.027085 0.994681
1305031118.243061 -0.103488 -0.250510 0.225104 -0.097350 -0.002496 -0.028099 0.994850
1305031118.279093 -0.103641 -0.259390 0.228603 -0.091529 -0.003074 -0.028235 0.995397
1305031118.311015 -0.101677 -0.261551 0.229776 -0.085194 -0.002748 -0.030072 0.995907
1305031118.342701 -0.105752 -0.269505 0.233215 -0.081693 -0.000195 -0.031482 0.996160
1305031118.378106 -0.107586 -0.269346 0.234023 -0.077379 -0.001589 -0.031459 0.996504
1305031118.410057 -0.104819 -0.271013 0.236147 -0.076480 -0.002290 -0.028466 0.996662
1305031118.445698 -0.104545 -0.274617 0.239293 -0.076401 -0.002773 -0.026164 0.996730
1305031118.478577 -0.100681 -0.271288 0.238873 -0.073422 -0.003988 -0.024835 0.996984
1305031118.510728 -0.100577 -0.265948 0.237979 -0.073649 -0.003122 -0.026019 0.996940
1305031118.544806 -0.098341 -0.265206 0.239476 -0.076235 -0.002645 -0.026099 0.996745
1305031118.577831 -0.095883 -0.262200 0.238495 -0.077158 -0.001283 -0.028149 0.996621
1305031118.613505 -0.099510 -0.255557 0.234354 -0.078041 0.002086 -0.031368 0.996454
1305031118.645328 -0.100984 -0.250658 0.232949 -0.081793 0.003701 -0.033114 0.996092
1305031118.677188 -0.102460 -0.248577 0.231887 -0.083935 0.003521 -0.035859 0.995820
1305031118.710781 -0.107352 -0.240678 0.224287 -0.081957 0.002646 -0.035998 0.995982
1305031118.746785 -0.102782 -0.229672 0.217512 -0.084088 -0.002451 -0.036861 0.995773
1305031118.779034 -0.099935 -0.230514 0.216428 -0.090896 -0.005271 -0.038140 0.995116
1305031118.810962 -0.096113 -0.224635 0.209684 -0.087954 -0.006120 -0.037424 0.995402
1305031118.846764 -0.098071 -0.201857 0.198010 -0.083175 -0.002888 -0.040112 0.995723
1305031118.877305 -0.097688 -0.197577 0.193908 -0.087311 -0.002068 -0.042175 0.995286
1305031118.910392 -0.098734 -0.188302 0.185133 -0.086774 -0.000418 -0.044558 0.995231
1305031118.946991 -0.102321 -0.176333 0.176012 -0.087743 0.001446 -0.049205 0.994926
1305031118.979384 -0.104298 -0.167997 0.169141 -0.092112 0.001632 -0.051602 0.994409
1305031119.010538 -0.106018 -0.161130 0.162757 -0.095058 0.001408 -0.052146 0.994104
1305031119.047176 -0.109690 -0.153057 0.154456 -0.096005 0.000242 -0.052620 0.993989
1305031119.079094 -0.109824 -0.145515 0.147485 -0.096968 -0.003423 -0.051974 0.993924
1305031119.111106 -0.110361 -0.135643 0.138652 -0.097233 -0.006680 -0.050824 0.993941
1305031119.147623 -0.109906 -0.131342 0.133572 -0.099003 -0.011125 -0.050295 0.993753
1305031119.179244 -0.107049 -0.120750 0.124997 -0.095917 -0.013833 -0.048985 0.994087
1305031119.211135 -0.107715 -0.109468 0.118061 -0.094677 -0.014687 -0.047832 0.994250
1305031119.247530 -0.106362 -0.100052 0.111892 -0.094432 -0.016092 -0.048148 0.994236
1305031119.279228 -0.107875 -0.092149 0.105669 -0.094696 -0.015719 -0.045994 0.994319
1305031119.310984 -0.108769 -0.085641 0.100242 -0.094434 -0.017054 -0.043743 0.994423
1305031119.347745 -0.107317 -0.071977 0.093770 -0.092427 -0.019572 -0.043302 0.994585
1305031119.378935 -0.102767 -0.063485 0.091269 -0.093464 -0.020833 -0.043071 0.994472
1305031119.411488 -0.102850 -0.055386 0.086993 -0.094371 -0.018080 -0.043106 0.994439
1305031119.447716 -0.104869 -0.043546 0.079973 -0.092062 -0.015241 -0.044434 0.994645
1305031119.478475 -0.107758 -0.033397 0.074095 -0.093343 -0.012934 -0.044098 0.994573
1305031119.511249 -0.108095 -0.023561 0.069668 -0.094626 -0.012603 -0.043154 0.994497
1305031119.547398 -0.107737 -0.009596 0.065577 -0.095465 -0.011131 -0.043889 0.994402
1305031119.579564 -0.109201 -0.004617 0.063275 -0.100770 -0.008643 -0.042795 0.993951
1305031119.615021 -0.110470 0.007858 0.060146 -0.102971 -0.007527 -0.042105 0.993764
1305031119.648396 -0.107691 0.019782 0.059850 -0.107092 -0.005974 -0.044322 0.993243
1305031119.677387 -0.108736 0.027341 0.058419 -0.113376 -0.000713 -0.042439 0.992645
1305031119.715240 -0.112783 0.034487 0.053636 -0.117223 0.002623 -0.038197 0.992367
1305031119.746039 -0.113614 0.043066 0.051210 -0.120310 0.001606 -0.036050 0.992080
1305031119.778899 -0.111650 0.053711 0.049890 -0.121635 0.000416 -0.031852 0.992064
1305031119.814554 -0.110572 0.064828 0.047825 -0.123125 0.001601 -0.027951 0.991996
1305031119.847437 -0.109795 0.069997 0.046574 -0.124445 0.003127 -0.027873 0.991830
1305031119.879223 -0.111373 0.085429 0.041028 -0.121413 0.005843 -0.027070 0.992216
1305031119.911412 -0.110586 0.093161 0.040416 -0.125588 0.007283 -0.027325 0.991679
1305031119.947427 -0.110198 0.097135 0.039425 -0.128613 0.010365 -0.028966 0.991218
1305031119.979542 -0.111495 0.104960 0.036298 -0.132768 0.014386 -0.026483 0.990689
1305031120.015274 -0.115209 0.097044 0.034640 -0.144903 0.016914 -0.026032 0.988959
1305031120.047300 -0.116417 0.094944 0.033666 -0.147821 0.015358 -0.023605 0.988613
1305031120.077554 -0.115951 0.099885 0.032732 -0.147779 0.012862 -0.021509 0.988703
1305031120.115241 -0.113105 0.094944 0.036204 -0.151567 0.010872 -0.020319 0.988178
1305031120.148166 -0.111997 0.089883 0.038805 -0.151421 0.011054 -0.016988 0.988262
1305031120.179254 -0.112816 0.084170 0.039631 -0.147855 0.011203 -0.016504 0.988808
1305031120.215255 -0.113516 0.082171 0.038969 -0.142656 0.011317 -0.019834 0.989509
1305031120.248011 -0.114550 0.076166 0.040354 -0.139476 0.012391 -0.021868 0.989906
1305031120.279436 -0.114960 0.068009 0.042777 -0.137395 0.012702 -0.024173 0.990140
1305031120.315205 -0.115395 0.059925 0.045834 -0.133955 0.013061 -0.026308 0.990552
1305031120.347792 -0.115291 0.049622 0.051206 -0.133223 0.012652 -0.026284 0.990657
1305031120.379441 -0.114226 0.034164 0.057137 -0.129790 0.011430 -0.026663 0.991117
1305031120.415468 -0.114166 0.028049 0.059906 -0.121863 0.010367 -0.027484 0.992112
1305031120.447425 -0.112648 0.014724 0.067279 -0.120786 0.008884 -0.026475 0.992286
1305031120.477507 -0.114379 0.002350 0.071601 -0.115250 0.007664 -0.025386 0.992983
1305031120.514848 -0.113209 -0.003858 0.075713 -0.107774 0.003988 -0.022609 0.993910
1305031120.547771 -0.113611 -0.010004 0.079775 -0.103634 0.000320 -0.018860 0.994437
1305031120.579555 -0.111355 -0.018585 0.086817 -0.100528 -0.004671 -0.016066 0.994794
1305031120.615253 -0.110563 -0.025152 0.091769 -0.094677 -0.007873 -0.016075 0.995347
1305031120.646980 -0.109112 -0.031610 0.097002 -0.091564 -0.009835 -0.015380 0.995632
1305031120.678893 -0.109607 -0.040539 0.101148 -0.089727 -0.010146 -0.014888 0.995803
1305031120.714538 -0.110986 -0.050492 0.105770 -0.089139 -0.011903 -0.014585 0.995841
1305031120.747383 -0.107480 -0.061628 0.113116 -0.087948 -0.015477 -0.014458 0.995900
1305031120.779901 -0.107869 -0.065994 0.115393 -0.083952 -0.015675 -0.015146 0.996231
1305031120.814924 -0.107365 -0.075615 0.121738 -0.085255 -0.017080 -0.016492 0.996076
1305031120.847931 -0.104472 -0.087087 0.127153 -0.083813 -0.017948 -0.018311 0.996152
1305031120.883445 -0.106992 -0.090375 0.128440 -0.080768 -0.015727 -0.020163 0.996405
1305031120.915449 -0.107770 -0.101366 0.133245 -0.081811 -0.015502 -0.022054 0.996283
1305031120.947499 -0.109052 -0.110565 0.137019 -0.081632 -0.015391 -0.023877 0.996258
1305031120.983378 -0.108855 -0.120584 0.140950 -0.080530 -0.016440 -0.024875 0.996306
1305031121.015024 -0.109995 -0.125204 0.143374 -0.078822 -0.016052 -0.025455 0.996434
1305031121.047626 -0.112173 -0.140438 0.147570 -0.080058 -0.016891 -0.026367 0.996298
1305031121.083108 -0.111514 -0.145961 0.150033 -0.076379 -0.018740 -0.026019 0.996563
1305031121.114787 -0.112594 -0.154553 0.152434 -0.074832 -0.019250 -0.026418 0.996660
1305031121.147343 -0.112787 -0.164367 0.155961 -0.073532 -0.020890 -0.026933 0.996710
1305031121.183276 -0.109986 -0.173033 0.161088 -0.071059 -0.021823 -0.027095 0.996865
1305031121.211426 -0.114022 -0.178477 0.162249 -0.068305 -0.019270 -0.027538 0.997098
1305031121.247198 -0.114341 -0.189865 0.167552 -0.069434 -0.020785 -0.026058 0.997030
1305031121.282849 -0.112457 -0.200768 0.172659 -0.067372 -0.021711 -0.025131 0.997175
1305031121.313578 -0.116117 -0.207169 0.173698 -0.064956 -0.021646 -0.023681 0.997372
1305031121.347528 -0.111121 -0.219620 0.181550 -0.064646 -0.024944 -0.022468 0.997343
1305031121.383237 -0.111517 -0.226093 0.184230 -0.059627 -0.024211 -0.023661 0.997647
1305031121.414323 -0.111559 -0.232012 0.187413 -0.057935 -0.023888 -0.022544 0.997780
1305031121.447172 -0.108062 -0.245934 0.195666 -0.058006 -0.023083 -0.020670 0.997835
1305031121.482990 -0.113422 -0.247431 0.194383 -0.052741 -0.019787 -0.019999 0.998212
1305031121.514135 -0.112674 -0.252830 0.197379 -0.053631 -0.019983 -0.019468 0.998171
1305031121.547040 -0.111270 -0.263707 0.204505 -0.055848 -0.019302 -0.019752 0.998057
1305031121.583209 -0.109791 -0.270651 0.208080 -0.054433 -0.018236 -0.020891 0.998132
1305031121.614709 -0.108234 -0.275018 0.210496 -0.053228 -0.014735 -0.023637 0.998194
1305031121.647074 -0.111508 -0.280896 0.215510 -0.055229 -0.010543 -0.025195 0.998100
1305031121.683206 -0.112413 -0.287871 0.219240 -0.055762 -0.009904 -0.023759 0.998112
1305031121.714524 -0.112294 -0.291929 0.222013 -0.057194 -0.009725 -0.023451 0.998040
1305031121.746814 -0.111487 -0.299024 0.226564 -0.059236 -0.009430 -0.021038 0.997978
1305031121.782853 -0.108521 -0.301984 0.229715 -0.060001 -0.008928 -0.018826 0.997981
1305031121.811543 -0.111609 -0.304399 0.230666 -0.061536 -0.005932 -0.016105 0.997957
1305031121.847103 -0.113043 -0.306719 0.232120 -0.063642 -0.004917 -0.010187 0.997909
1305031121.882092 -0.112135 -0.307892 0.233690 -0.065579 -0.007063 -0.007921 0.997791
1305031121.914937 -0.108181 -0.307795 0.235239 -0.065576 -0.010296 -0.007759 0.997764
1305031121.947303 -0.106860 -0.302777 0.233657 -0.064909 -0.010157 -0.008163 0.997806
1305031121.982930 -0.107918 -0.301332 0.232887 -0.066074 -0.010061 -0.010311 0.997711
1305031122.014340 -0.107656 -0.296270 0.229921 -0.065008 -0.011754 -0.013952 0.997718
1305031122.047107 -0.106332 -0.291120 0.227019 -0.064731 -0.012805 -0.017580 0.997666
1305031122.082964 -0.107592 -0.282468 0.221162 -0.063416 -0.012657 -0.021554 0.997674
1305031122.114680 -0.106159 -0.276649 0.218131 -0.064999 -0.013672 -0.026868 0.997430
1305031122.150736 -0.106479 -0.268484 0.211737 -0.063822 -0.012674 -0.032222 0.997360
1305031122.183047 -0.111694 -0.258708 0.203070 -0.067452 -0.009736 -0.039116 0.996908
1305031122.214964 -0.110898 -0.256786 0.202303 -0.075195 -0.009627 -0.041108 0.996275
1305031122.251337 -0.114487 -0.245744 0.194657 -0.075717 -0.009644 -0.044415 0.996093
1305031122.283713 -0.116423 -0.238663 0.188310 -0.083726 -0.011787 -0.050302 0.995149
1305031122.314299 -0.116568 -0.232771 0.184414 -0.091304 -0.014175 -0.052551 0.994334
1305031122.351339 -0.119542 -0.224437 0.177553 -0.096904 -0.015337 -0.053739 0.993724
1305031122.382654 -0.120308 -0.220899 0.173565 -0.102861 -0.019539 -0.053275 0.993076
1305031122.415003 -0.119664 -0.212200 0.165585 -0.105202 -0.024321 -0.052269 0.992778
1305031122.451264 -0.118858 -0.204833 0.160032 -0.109147 -0.029442 -0.051660 0.992246
1305031122.483374 -0.116032 -0.198146 0.153524 -0.111457 -0.034343 -0.053188 0.991750
1305031122.515116 -0.112510 -0.189302 0.148553 -0.113349 -0.036463 -0.055168 0.991352
1305031122.551500 -0.113823 -0.181620 0.141807 -0.115220 -0.034679 -0.057378 0.991075
1305031122.583212 -0.117867 -0.176415 0.134780 -0.117041 -0.033488 -0.056883 0.990931
1305031122.614998 -0.117024 -0.167785 0.126636 -0.115991 -0.035505 -0.056174 0.991025
1305031122.648799 -0.117108 -0.158706 0.119275 -0.115640 -0.036443 -0.055199 0.991086
1305031122.683411 -0.118774 -0.150688 0.112700 -0.116040 -0.038258 -0.052534 0.991116
1305031122.715214 -0.114282 -0.138974 0.107082 -0.115365 -0.042271 -0.052464 0.991036
1305031122.751303 -0.114401 -0.127312 0.101409 -0.118234 -0.042154 -0.053912 0.990625
1305031122.783431 -0.112174 -0.121285 0.101528 -0.124319 -0.042019 -0.054933 0.989829
1305031122.812560 -0.109986 -0.113306 0.099944 -0.126559 -0.038654 -0.058173 0.989497
1305031122.851452 -0.112231 -0.104327 0.093700 -0.129375 -0.031293 -0.058100 0.989397
1305031122.883765 -0.115365 -0.099456 0.090047 -0.133379 -0.027649 -0.057290 0.989021
1305031122.914578 -0.115930 -0.093720 0.086206 -0.134850 -0.026565 -0.056668 0.988888
1305031122.951377 -0.118588 -0.083607 0.079936 -0.135571 -0.025066 -0.053428 0.989008
1305031122.982908 -0.117378 -0.079309 0.077757 -0.138831 -0.026221 -0.050652 0.988672
1305031123.015456 -0.115562 -0.073777 0.075380 -0.138711 -0.026237 -0.049142 0.988765
1305031123.051832 -0.115833 -0.060640 0.069317 -0.136265 -0.024794 -0.046833 0.989254
1305031123.082983 -0.115529 -0.048664 0.065869 -0.137931 -0.023202 -0.044523 0.989169
1305031123.113906 -0.116767 -0.042320 0.063237 -0.141358 -0.021746 -0.044783 0.988706
1305031123.150831 -0.112806 -0.030820 0.062734 -0.142943 -0.021100 -0.044153 0.988520
1305031123.182166 -0.112582 -0.021300 0.060815 -0.146957 -0.016041 -0.045246 0.987977
1305031123.214714 -0.111264 -0.008882 0.058295 -0.151635 -0.012503 -0.045406 0.987314
1305031123.250629 -0.110376 -0.002404 0.058869 -0.161293 -0.008921 -0.043663 0.985900
1305031123.282355 -0.109824 0.001429 0.059254 -0.168841 -0.004576 -0.042753 0.984705
1305031123.316159 -0.109421 0.007600 0.059373 -0.174773 -0.000052 -0.043212 0.983660
1305031123.350487 -0.108358 0.012312 0.059648 -0.181204 0.005073 -0.040433 0.982601
1305031123.382259 -0.109006 0.015394 0.059467 -0.186085 0.010678 -0.040841 0.981626
1305031123.416353 -0.109308 0.022462 0.055298 -0.188420 0.013994 -0.039427 0.981197
1305031123.451261 -0.106468 0.028314 0.055093 -0.193638 0.015484 -0.034815 0.980333
1305031123.483599 -0.104848 0.031767 0.053035 -0.198242 0.017270 -0.031761 0.979486
1305031123.515543 -0.103626 0.039380 0.049549 -0.199422 0.017434 -0.029375 0.979318
1305031123.551543 -0.099703 0.047772 0.048242 -0.200964 0.016900 -0.026094 0.979105
1305031123.579599 -0.098011 0.058086 0.044580 -0.200143 0.018402 -0.024838 0.979279
1305031123.615861 -0.094983 0.067380 0.043914 -0.202821 0.019796 -0.025517 0.978683
1305031123.652421 -0.094024 0.074263 0.043399 -0.206177 0.023659 -0.025414 0.977899
1305031123.683769 -0.092961 0.077577 0.041404 -0.211634 0.027637 -0.024219 0.976658
1305031123.715649 -0.092188 0.074801 0.040314 -0.218433 0.029940 -0.021384 0.975158
1305031123.751852 -0.092030 0.076091 0.038635 -0.220588 0.029892 -0.019510 0.974714
1305031123.783998 -0.090606 0.077369 0.038321 -0.221688 0.029178 -0.018389 0.974508
1305031123.815652 -0.090666 0.075504 0.037730 -0.223902 0.029506 -0.015999 0.974034
1305031123.851498 -0.089664 0.068572 0.040082 -0.226828 0.027448 -0.015068 0.973431
1305031123.883802 -0.088962 0.068988 0.039568 -0.222364 0.025375 -0.015836 0.974505
1305031123.913518 -0.091292 0.071173 0.037851 -0.220295 0.026406 -0.014594 0.974967
1305031123.951486 -0.088611 0.056844 0.045699 -0.227702 0.022464 -0.011570 0.973403
1305031123.983418 -0.087955 0.053222 0.048563 -0.221483 0.017659 -0.012151 0.974929
1305031124.015520 -0.089646 0.050157 0.050143 -0.216515 0.015180 -0.011811 0.976090
1305031124.051518 -0.089161 0.041183 0.056186 -0.217507 0.011822 -0.010608 0.975930
1305031124.083869 -0.089265 0.029166 0.063332 -0.214408 0.008294 -0.011242 0.976644
1305031124.115500 -0.091716 0.021140 0.065131 -0.209436 0.007664 -0.015487 0.977670
1305031124.147452 -0.092326 0.012472 0.072143 -0.209584 0.006172 -0.015954 0.977641
1305031124.182701 -0.093872 0.005928 0.075476 -0.202438 0.005153 -0.018081 0.979115
1305031124.214288 -0.095506 0.000101 0.075697 -0.196261 0.004361 -0.018261 0.980372
1305031124.249333 -0.095737 -0.007354 0.079408 -0.196034 -0.000122 -0.017395 0.980443
1305031124.282550 -0.093592 -0.014174 0.086412 -0.191630 -0.005436 -0.016451 0.981314
1305031124.314072 -0.093853 -0.017334 0.086728 -0.183901 -0.008980 -0.017296 0.982751
1305031124.350362 -0.094206 -0.025999 0.091148 -0.179917 -0.011579 -0.018789 0.983434
1305031124.382426 -0.094505 -0.036142 0.094346 -0.174864 -0.013295 -0.019474 0.984310
1305031124.414997 -0.095132 -0.044657 0.096146 -0.167160 -0.014824 -0.021800 0.985577
1305031124.450251 -0.095377 -0.055396 0.099368 -0.161035 -0.016691 -0.023841 0.986520
1305031124.480113 -0.096779 -0.062514 0.100174 -0.153236 -0.018497 -0.026180 0.987670
1305031124.514030 -0.097900 -0.071874 0.103404 -0.148892 -0.020469 -0.028520 0.988230
1305031124.550470 -0.099101 -0.083919 0.107907 -0.145761 -0.023203 -0.030910 0.988565
1305031124.582005 -0.099146 -0.094817 0.112508 -0.141054 -0.026208 -0.032504 0.989121
1305031124.614505 -0.099742 -0.103965 0.116404 -0.136750 -0.028881 -0.034267 0.989591
1305031124.651292 -0.098772 -0.116299 0.123198 -0.133396 -0.031678 -0.036280 0.989892
1305031124.682417 -0.098515 -0.124502 0.127300 -0.128176 -0.032455 -0.038325 0.990479
1305031124.713521 -0.099656 -0.137353 0.133858 -0.126929 -0.032677 -0.039588 0.990583
1305031124.749916 -0.100567 -0.150423 0.140241 -0.124628 -0.034157 -0.040354 0.990794
1305031124.782271 -0.100465 -0.158824 0.145775 -0.121881 -0.035479 -0.040541 0.991082
1305031124.814001 -0.101456 -0.171684 0.153974 -0.122544 -0.036807 -0.040828 0.990940
1305031124.850547 -0.096555 -0.184099 0.165366 -0.121108 -0.039181 -0.041122 0.991013
1305031124.881474 -0.098224 -0.190650 0.170578 -0.118678 -0.036189 -0.041886 0.991389
1305031124.915109 -0.099014 -0.199691 0.180435 -0.121352 -0.034781 -0.041072 0.991149
1305031124.950739 -0.099728 -0.217438 0.189646 -0.122171 -0.033842 -0.038678 0.991178
1305031124.982949 -0.104340 -0.226508 0.193421 -0.117398 -0.034876 -0.037774 0.991753
1305031125.015460 -0.099387 -0.227566 0.200169 -0.113216 -0.038982 -0.036512 0.992134
1305031125.050780 -0.100486 -0.238602 0.207130 -0.114619 -0.037330 -0.033546 0.992141
1305031125.081422 -0.101982 -0.249478 0.213970 -0.114183 -0.038111 -0.031861 0.992217
1305031125.115196 -0.098738 -0.255958 0.220708 -0.109921 -0.040288 -0.033726 0.992551
1305031125.151025 -0.101904 -0.256039 0.222686 -0.108088 -0.036545 -0.033347 0.992910
1305031125.183208 -0.103906 -0.267066 0.231189 -0.112012 -0.034965 -0.032782 0.992550
1305031125.215169 -0.105999 -0.279104 0.236955 -0.110851 -0.034961 -0.035133 0.992600
1305031125.250637 -0.106951 -0.280025 0.238484 -0.106164 -0.034957 -0.036087 0.993079
1305031125.282932 -0.106996 -0.290607 0.245746 -0.107050 -0.033532 -0.035483 0.993054
1305031125.315316 -0.109263 -0.294195 0.247702 -0.102381 -0.032530 -0.038985 0.993449
1305031125.348889 -0.105438 -0.296469 0.254380 -0.101870 -0.032245 -0.042590 0.993362
1305031125.383096 -0.105257 -0.301012 0.257839 -0.101678 -0.026088 -0.043896 0.993506
1305031125.415454 -0.106996 -0.303289 0.265507 -0.103796 -0.021062 -0.046235 0.993300
1305031125.451213 -0.105791 -0.311627 0.270933 -0.103916 -0.018135 -0.047771 0.993273
1305031125.483212 -0.107320 -0.310543 0.270910 -0.102189 -0.014043 -0.049029 0.993457
1305031125.515335 -0.106684 -0.312700 0.272483 -0.102856 -0.011418 -0.051098 0.993317
1305031125.551035 -0.106612 -0.314658 0.274612 -0.104373 -0.008107 -0.053617 0.993059
1305031125.582305 -0.108748 -0.319670 0.276550 -0.104311 -0.004498 -0.054089 0.993063
1305031125.614702 -0.114385 -0.323096 0.274342 -0.100447 -0.002815 -0.051336 0.993613
1305031125.650465 -0.117542 -0.313912 0.266304 -0.094396 -0.006189 -0.050464 0.994236
1305031125.681965 -0.116854 -0.317972 0.265291 -0.094903 -0.011453 -0.047999 0.994263
1305031125.713556 -0.110540 -0.307272 0.256081 -0.088779 -0.015458 -0.045086 0.994910
1305031125.751276 -0.108518 -0.302125 0.252204 -0.089495 -0.017160 -0.047850 0.994689
1305031125.783076 -0.106840 -0.294395 0.245834 -0.089150 -0.016740 -0.049014 0.994671
1305031125.815511 -0.106981 -0.290898 0.242841 -0.092700 -0.015276 -0.050613 0.994290
1305031125.851093 -0.109760 -0.284133 0.236792 -0.093125 -0.015118 -0.051125 0.994226
1305031125.882982 -0.112739 -0.275792 0.230353 -0.097139 -0.017120 -0.050235 0.993855
1305031125.915319 -0.115895 -0.272684 0.227123 -0.101685 -0.022369 -0.047015 0.993453
1305031125.951298 -0.111060 -0.266802 0.217882 -0.103257 -0.030712 -0.043398 0.993233
1305031125.983209 -0.102853 -0.259302 0.214125 -0.106703 -0.038570 -0.043004 0.992611
1305031126.015452 -0.098005 -0.249888 0.210158 -0.110186 -0.040936 -0.043884 0.992098
1305031126.051181 -0.098140 -0.241675 0.205945 -0.115632 -0.038763 -0.044444 0.991540
1305031126.083216 -0.096614 -0.234841 0.203502 -0.120676 -0.038225 -0.045648 0.990905
1305031126.115411 -0.098474 -0.222875 0.195755 -0.123141 -0.035529 -0.045643 0.990702
1305031126.151216 -0.099284 -0.212965 0.191090 -0.130609 -0.034804 -0.045619 0.989772
1305031126.183279 -0.096906 -0.205043 0.189042 -0.135855 -0.035570 -0.045954 0.989023
1305031126.215396 -0.097220 -0.193251 0.182807 -0.138726 -0.033472 -0.047449 0.988627
1305031126.251267 -0.096199 -0.182713 0.179729 -0.143286 -0.031628 -0.049076 0.987958
1305031126.283234 -0.095479 -0.170655 0.175766 -0.147662 -0.028265 -0.051649 0.987284
1305031126.315559 -0.095979 -0.162649 0.172693 -0.153124 -0.023939 -0.053445 0.986470
1305031126.351389 -0.096740 -0.153535 0.167728 -0.156990 -0.020555 -0.054714 0.985869
1305031126.383453 -0.096969 -0.145087 0.163406 -0.162262 -0.018616 -0.056431 0.984957
1305031126.415629 -0.095869 -0.141113 0.160690 -0.168754 -0.017157 -0.054758 0.983986
1305031126.451370 -0.097151 -0.132827 0.154352 -0.170936 -0.016214 -0.052224 0.983764
1305031126.484960 -0.096548 -0.118262 0.148409 -0.172254 -0.017425 -0.050263 0.983615
1305031126.516865 -0.093383 -0.108642 0.145106 -0.177777 -0.018123 -0.050012 0.982632
1305031126.552792 -0.091700 -0.101142 0.142453 -0.182332 -0.015740 -0.048270 0.981925
1305031126.584815 -0.091561 -0.094540 0.139066 -0.187953 -0.013190 -0.047049 0.980962
1305031126.615108 -0.089563 -0.092179 0.138574 -0.193386 -0.011375 -0.045429 0.980004
1305031126.650925 -0.089271 -0.086861 0.133985 -0.194950 -0.008185 -0.041509 0.979900
1305031126.684751 -0.087071 -0.079847 0.130599 -0.196930 -0.006691 -0.038585 0.979635
1305031126.713676 -0.085543 -0.080036 0.129439 -0.199307 -0.004951 -0.036035 0.979262
1305031126.751345 -0.084588 -0.073717 0.124261 -0.197799 -0.003508 -0.033041 0.979679
1305031126.783472 -0.080026 -0.069549 0.123604 -0.197750 -0.002884 -0.032488 0.979710
1305031126.815765 -0.079708 -0.067114 0.120078 -0.197946 0.001234 -0.032917 0.979659
1305031126.852860 -0.079397 -0.065287 0.117215 -0.198528 0.003411 -0.032697 0.979544
1305031126.883756 -0.077809 -0.064710 0.116180 -0.198958 0.005006 -0.033607 0.979419
1305031126.915387 -0.079687 -0.064984 0.112800 -0.199871 0.007388 -0.032459 0.979257
1305031126.951469 -0.079023 -0.067099 0.113304 -0.201344 0.006341 -0.030766 0.979017
1305031126.983326 -0.078240 -0.067343 0.113006 -0.199893 0.005117 -0.030411 0.979332
1305031127.015448 -0.077925 -0.065955 0.111318 -0.198300 0.004892 -0.029451 0.979687
1305031127.050308 -0.078502 -0.067527 0.111933 -0.199263 0.004679 -0.029111 0.979502
1305031127.083974 -0.080913 -0.070585 0.112688 -0.199890 0.003557 -0.027980 0.979412
1305031127.116199 -0.081143 -0.072684 0.114244 -0.199040 0.000118 -0.026405 0.979635
1305031127.152499 -0.081016 -0.072344 0.113789 -0.196241 -0.003026 -0.026995 0.980179
1305031127.183424 -0.079332 -0.072821 0.116884 -0.195437 -0.005391 -0.026716 0.980337
1305031127.216765 -0.079157 -0.076681 0.119772 -0.194311 -0.005951 -0.027316 0.980542
1305031127.253568 -0.081150 -0.076697 0.118356 -0.191056 -0.005490 -0.028985 0.981136
1305031127.283252 -0.082290 -0.079079 0.121225 -0.191718 -0.006231 -0.029438 0.980989
1305031127.315915 -0.082280 -0.084869 0.125723 -0.191347 -0.008278 -0.029345 0.981049
1305031127.350381 -0.083525 -0.083224 0.124966 -0.187163 -0.009089 -0.030238 0.981821
1305031127.381487 -0.084234 -0.084498 0.126798 -0.186956 -0.010147 -0.030839 0.981832
1305031127.415511 -0.084380 -0.089828 0.131349 -0.187667 -0.011720 -0.030654 0.981684
1305031127.450789 -0.085874 -0.087692 0.129989 -0.184307 -0.012361 -0.032010 0.982270
1305031127.483281 -0.086646 -0.088271 0.132208 -0.185372 -0.013445 -0.032999 0.982022
1305031127.516628 -0.085917 -0.092929 0.136681 -0.186570 -0.014983 -0.032653 0.981785
1305031127.550537 -0.086710 -0.092206 0.136123 -0.184124 -0.015218 -0.033186 0.982225
1305031127.582989 -0.087056 -0.090977 0.136317 -0.183886 -0.015617 -0.033473 0.982253
1305031127.615964 -0.086525 -0.094239 0.140010 -0.185802 -0.016091 -0.031798 0.981941
1305031127.651007 -0.086954 -0.095736 0.140296 -0.184437 -0.016380 -0.031051 0.982217
1305031127.683204 -0.087725 -0.093477 0.138377 -0.182820 -0.016814 -0.031811 0.982488
1305031127.717293 -0.086814 -0.095795 0.141365 -0.184791 -0.017777 -0.031317 0.982118
1305031127.750999 -0.087317 -0.098924 0.142669 -0.184607 -0.017874 -0.031019 0.982160
1305031127.783494 -0.088487 -0.097283 0.140279 -0.182188 -0.017881 -0.032462 0.982565
1305031127.815979 -0.088879 -0.097992 0.140859 -0.182625 -0.017995 -0.033247 0.982456
1305031127.851249 -0.090058 -0.099509 0.141456 -0.183055 -0.017989 -0.033616 0.982363
1305031127.883251 -0.091063 -0.099317 0.141139 -0.182526 -0.018654 -0.034128 0.982431
1305031127.917018 -0.091646 -0.097581 0.140929 -0.182527 -0.019170 -0.033979 0.982426
1305031127.951227 -0.090941 -0.098507 0.143869 -0.184644 -0.020338 -0.033654 0.982018
1305031127.983232 -0.089395 -0.097683 0.145869 -0.185468 -0.021027 -0.033902 0.981840
1305031128.016602 -0.088356 -0.099433 0.150420 -0.188548 -0.020327 -0.032525 0.981315
1305031128.051543 -0.088720 -0.102603 0.152839 -0.189427 -0.019779 -0.031586 0.981187
1305031128.083270 -0.088636 -0.102740 0.153465 -0.188557 -0.019928 -0.030957 0.981372
1305031128.118069 -0.087803 -0.102658 0.155172 -0.189163 -0.020088 -0.029164 0.981307
1305031128.152600 -0.086450 -0.106483 0.159099 -0.189737 -0.020600 -0.027647 0.981229
1305031128.183285 -0.087645 -0.105406 0.156469 -0.186965 -0.019925 -0.027828 0.981770
1305031128.218444 -0.087866 -0.104590 0.156163 -0.186969 -0.020201 -0.027482 0.981774
1305031128.251743 -0.086847 -0.107512 0.159473 -0.188249 -0.021164 -0.027052 0.981521
1305031128.285306 -0.087619 -0.106393 0.157543 -0.186263 -0.020896 -0.027945 0.981880
1305031128.317827 -0.088685 -0.106298 0.156853 -0.186193 -0.020687 -0.028898 0.981870
1305031128.351315 -0.088852 -0.107652 0.158274 -0.186959 -0.021407 -0.030258 0.981668
1305031128.385401 -0.089330 -0.108286 0.158040 -0.186318 -0.021455 -0.031512 0.981750
1305031128.417473 -0.090501 -0.108360 0.157114 -0.185800 -0.021214 -0.032845 0.981809
1305031128.451397 -0.090654 -0.109333 0.157962 -0.186343 -0.021685 -0.033827 0.981663
1305031128.484409 -0.090450 -0.110065 0.158139 -0.186046 -0.021733 -0.034524 0.981694
1305031128.517519 -0.090229 -0.110444 0.158587 -0.186153 -0.021414 -0.035030 0.981663
1305031128.551519 -0.090604 -0.113068 0.159602 -0.186434 -0.020809 -0.035336 0.981611
1305031128.585457 -0.092349 -0.113936 0.157818 -0.185142 -0.020175 -0.035335 0.981869
1305031128.617382 -0.093586 -0.114079 0.156452 -0.184574 -0.020939 -0.035129 0.981967
1305031128.651453 -0.092474 -0.115131 0.157780 -0.184647 -0.022988 -0.035089 0.981909
1305031128.684865 -0.091166 -0.114781 0.157873 -0.183264 -0.023666 -0.035922 0.982122
1305031128.717216 -0.091481 -0.114399 0.156753 -0.182166 -0.022674 -0.037331 0.982297
