1305031102.167856 0 0 0 0 0 0 1.000000
1305031102.167856 -0.001207 0.005151 0.037781 -0.015022 -0.009500 -0.000453 0.999842
1305031102.269106 -0.002553 0.003160 0.063757 -0.022411 -0.013165 0.001600 0.999661
1305031102.336214 -0.002213 0.004336 0.076196 -0.024543 -0.015333 0.001844 0.999579
1305031102.369171 -0.004143 0.012488 0.111613 -0.038162 -0.023393 -0.000096 0.998998
1305031102.468856 -0.004313 0.007377 0.156275 -0.051635 -0.020144 -0.004893 0.998451
1305031102.568755 -0.012114 0.014515 0.186994 -0.047923 -0.015509 -0.003059 0.998726
1305031102.669279 -0.011627 0.021061 0.211817 -0.049305 -0.016309 -0.000411 0.998651
1305031102.735828 -0.009182 0.022042 0.227333 -0.051934 -0.015342 -0.001853 0.998531
1305031102.769511 -0.011296 0.026082 0.253304 -0.055309 -0.008101 -0.004265 0.998427
1305031102.835914 -0.015129 0.029187 0.264357 -0.054348 -0.003964 -0.007195 0.998488
1305031102.869086 -0.030286 0.037454 0.293966 -0.054502 -0.004204 -0.011439 0.998439
1305031102.968670 -0.021754 0.044872 0.332320 -0.058187 -0.023453 -0.001927 0.998028
1305031103.068796 -0.022152 0.055079 0.350050 -0.057415 -0.023067 0.000296 0.998084
1305031103.136213 -0.022607 0.062143 0.357230 -0.056557 -0.021442 0.000400 0.998169
1305031103.169124 -0.029757 0.073966 0.378532 -0.076528 -0.021227 0.009225 0.996799
1305031103.268973 -0.016911 0.069347 0.393036 -0.089831 -0.039059 0.013334 0.995101
1305031103.368866 -0.020462 0.061098 0.385544 -0.093009 -0.039113 0.013945 0.994799
1305031103.435858 -0.018542 0.057258 0.383422 -0.093257 -0.043050 0.012695 0.994630
1305031103.469580 -0.017324 0.046968 0.370805 -0.087610 -0.046576 0.008988 0.995025
1305031103.537473 -0.017823 0.044585 0.357361 -0.082218 -0.047513 0.009637 0.995434
1305031103.569062 -0.016556 0.035591 0.337175 -0.077203 -0.055043 0.012209 0.995420
1305031103.637411 -0.014190 0.032427 0.326975 -0.073982 -0.058198 0.012003 0.995488
1305031103.669559 -0.010131 0.022464 0.304268 -0.069389 -0.059676 0.011044 0.995742
1305031103.737434 -0.010134 0.020154 0.287400 -0.065278 -0.058575 0.007063 0.996121
1305031103.769104 -0.013025 0.016881 0.255241 -0.067377 -0.055342 0.000402 0.996191
1305031103.836809 -0.012806 0.006869 0.247021 -0.075366 -0.058765 -0.000818 0.995422
1305031103.868870 -0.008905 -0.003834 0.219307 -0.072554 -0.066135 -0.002727 0.995166
1305031103.936857 -0.006091 -0.010259 0.207850 -0.071410 -0.068645 -0.003455 0.995076
1305031103.968917 0.003795 -0.018544 0.182625 -0.059974 -0.068220 -0.006379 0.995846
1305031104.036764 0.004449 -0.017350 0.166918 -0.054482 -0.063051 -0.009376 0.996478
1305031104.068984 0.005967 -0.029803 0.140574 -0.048053 -0.051311 -0.012167 0.997452
1305031104.137261 0.005838 -0.032400 0.125834 -0.043749 -0.047886 -0.012807 0.997812
1305031104.169432 0.009477 -0.041253 0.087411 -0.030506 -0.040955 -0.013475 0.998604
1305031104.269441 0.011490 -0.041984 0.064290 -0.022613 -0.033715 -0.014213 0.999075
1305031104.337373 0.011014 -0.042601 0.053698 -0.020472 -0.028622 -0.014077 0.999282
1305031104.369591 0.005401 -0.044508 0.029653 -0.018407 -0.021785 -0.013484 0.999502
1305031104.437362 0.001667 -0.046766 0.019095 -0.018967 -0.022157 -0.012810 0.999492
1305031104.469434 0.003846 -0.053308 0.001716 -0.015686 -0.027468 -0.010138 0.999448
1305031104.537409 0.010049 -0.056975 -0.005280 -0.011731 -0.028731 -0.009054 0.999477
1305031104.569246 0.019546 -0.060143 -0.025589 0.010268 -0.018517 -0.008118 0.999743
1305031104.637305 0.028297 -0.069446 -0.057186 0.046001 0.002099 -0.003218 0.998934
1305031104.737108 0.028691 -0.069610 -0.068180 0.057842 0.009359 -0.001756 0.998280
1305031104.769253 0.030695 -0.064203 -0.077791 0.069798 0.015839 0.000485 0.997435
1305031104.805482 0.029736 -0.061335 -0.085095 0.078347 0.022857 0.002710 0.996660
1305031104.837110 0.025543 -0.055956 -0.090828 0.084692 0.027013 0.004678 0.996030
1305031104.869303 0.027079 -0.052268 -0.091880 0.087295 0.027685 0.007126 0.995772
1305031104.905349 0.026562 -0.050751 -0.091357 0.088186 0.028699 0.007687 0.995661
1305031104.937177 0.025636 -0.040435 -0.080388 0.083621 0.027534 0.009040 0.996076
1305031105.004816 0.024132 -0.039370 -0.071630 0.077492 0.027234 0.007595 0.996592
1305031105.036900 0.024142 -0.039036 -0.060354 0.070139 0.026200 0.005921 0.997176
1305031105.068882 0.021581 -0.042141 -0.048917 0.063464 0.025634 0.004695 0.997644
1305031105.104469 0.015391 -0.033131 -0.035412 0.058426 0.023896 0.001657 0.998004
1305031105.136688 0.011925 -0.042895 -0.001087 0.029407 0.015976 -0.003294 0.999434
1305031105.204740 0.004061 -0.041498 0.030404 0.009276 0.004438 -0.006581 0.999925
1305031105.268838 0.003079 -0.044115 0.049049 -0.002482 -0.003721 -0.006363 0.999970
1305031105.304895 0.002861 -0.048939 0.064747 -0.012171 -0.010595 -0.006397 0.999849
1305031105.336090 0.000490 -0.049362 0.078169 -0.015918 -0.015289 -0.006641 0.999734
1305031105.368812 -0.001595 -0.046073 0.088981 -0.021369 -0.019588 -0.008528 0.999543
1305031105.404738 -0.001603 -0.050782 0.105723 -0.029981 -0.024134 -0.008800 0.999220
1305031105.436826 -0.004368 -0.050380 0.118222 -0.033722 -0.026786 -0.009652 0.999026
1305031105.468350 -0.005064 -0.049466 0.131655 -0.038766 -0.029287 -0.010356 0.998765
1305031105.504632 -0.006330 -0.051073 0.147130 -0.043835 -0.029705 -0.009484 0.998552
1305031105.536433 -0.009537 -0.049547 0.159608 -0.046803 -0.030029 -0.010025 0.998402
1305031105.568779 -0.009098 -0.051312 0.176665 -0.050649 -0.031219 -0.009208 0.998186
1305031105.604285 -0.007349 -0.049787 0.220587 -0.054236 -0.030504 -0.006018 0.998044
1305031105.704772 -0.008390 -0.044477 0.230208 -0.051896 -0.025963 -0.006714 0.998292
1305031105.736824 -0.008228 -0.043665 0.246799 -0.053093 -0.021086 -0.006840 0.998343
1305031105.768861 -0.010057 -0.042410 0.258421 -0.051998 -0.015069 -0.006856 0.998510
1305031105.804669 -0.008141 -0.040427 0.271543 -0.051064 -0.011789 -0.006070 0.998607
1305031105.836639 -0.006796 -0.035609 0.279293 -0.050344 -0.006491 -0.004813 0.998699
1305031105.868787 -0.007145 -0.033098 0.291518 -0.053867 -0.001632 -0.000509 0.998547
1305031105.904640 -0.006871 -0.027649 0.303363 -0.056338 0.001944 0.001943 0.998408
1305031105.936563 -0.007973 -0.023061 0.316716 -0.060862 0.004726 0.003043 0.998130
1305031105.970761 -0.007239 -0.018611 0.329665 -0.065393 0.006980 0.004556 0.997825
1305031106.004778 -0.008640 -0.013797 0.342400 -0.069870 0.009744 0.005476 0.997493
1305031106.036751 -0.009833 -0.009270 0.353979 -0.073924 0.010959 0.007050 0.997179
1305031106.070695 -0.012613 0.000126 0.376330 -0.086238 0.010141 0.010658 0.996166
1305031106.136900 -0.014207 0.003019 0.386238 -0.090231 0.009063 0.011527 0.995813
1305031106.170932 -0.015266 0.007509 0.404979 -0.094232 0.005881 0.016464 0.995397
1305031106.236662 -0.016657 0.014399 0.410309 -0.094127 0.004657 0.017371 0.995398
1305031106.271181 -0.016157 0.017739 0.416177 -0.097838 0.003134 0.020369 0.994989
1305031106.304706 -0.018009 0.027595 0.419612 -0.100653 0.002474 0.022008 0.994675
1305031106.336736 -0.019056 0.029277 0.423483 -0.109352 0.003248 0.011625 0.993930
1305031106.370773 -0.020375 0.024871 0.426573 -0.116522 0.009193 0.003427 0.993140
1305031106.404800 -0.025728 0.021884 0.424897 -0.117580 0.014938 -0.001581 0.992950
1305031106.436959 -0.028600 0.018405 0.420515 -0.117887 0.015021 -0.002886 0.992909
1305031106.470695 -0.029940 0.013307 0.415065 -0.117155 0.011878 -0.002286 0.993040
1305031106.504612 -0.027594 0.009822 0.394914 -0.108591 0.004147 -0.004563 0.994067
1305031106.569848 -0.028380 0.008612 0.383960 -0.107587 0.000917 -0.007359 0.994168
1305031106.604515 -0.028960 0.000723 0.374740 -0.108884 -0.001837 -0.009353 0.994009
1305031106.636992 -0.029260 -0.001340 0.359330 -0.105767 -0.005196 -0.009561 0.994331
1305031106.671280 -0.033282 -0.004982 0.349431 -0.107520 -0.009269 -0.009253 0.994117
1305031106.705309 -0.032472 -0.009950 0.334684 -0.106086 -0.016475 -0.009028 0.994179
1305031106.736445 -0.028490 -0.014132 0.320520 -0.105177 -0.024299 -0.008418 0.994121
1305031106.771258 -0.027527 -0.015224 0.304237 -0.104285 -0.028680 -0.008729 0.994096
1305031106.804799 -0.029543 -0.024212 0.293547 -0.106412 -0.031903 -0.009248 0.993767
1305031106.837034 -0.026728 -0.027340 0.278490 -0.099668 -0.035466 -0.013190 0.994301
1305031106.871399 -0.027033 -0.028726 0.258027 -0.094972 -0.034729 -0.018809 0.994696
1305031106.904536 -0.026516 -0.036711 0.246683 -0.094600 -0.034551 -0.022571 0.994660
1305031106.937118 -0.025985 -0.045214 0.231929 -0.089720 -0.032869 -0.025649 0.995094
1305031106.971390 -0.029219 -0.044443 0.205396 -0.081086 -0.028551 -0.032041 0.995783
1305031107.005226 -0.029790 -0.050889 0.193034 -0.082213 -0.026257 -0.033757 0.995697
1305031107.036815 -0.034159 -0.062763 0.174897 -0.079760 -0.023849 -0.035350 0.995902
1305031107.070919 -0.033795 -0.063699 0.156729 -0.073981 -0.024712 -0.036889 0.996271
1305031107.104748 -0.031247 -0.063326 0.142610 -0.071184 -0.024475 -0.036899 0.996480
1305031107.136784 -0.029453 -0.072633 0.133256 -0.070950 -0.023700 -0.037114 0.996507
1305031107.170681 -0.026114 -0.079821 0.121262 -0.065664 -0.022729 -0.038745 0.996830
1305031107.204783 -0.026188 -0.078838 0.105801 -0.058029 -0.019185 -0.039314 0.997356
1305031107.239202 -0.023332 -0.083697 0.095213 -0.053052 -0.016644 -0.039038 0.997690
1305031107.271235 -0.020934 -0.091051 0.085788 -0.047201 -0.013846 -0.039219 0.998019
1305031107.305249 -0.018857 -0.097623 0.072503 -0.037053 -0.010593 -0.040636 0.998431
1305031107.339154 -0.017143 -0.091739 0.059182 -0.025536 -0.005833 -0.041228 0.998806
1305031107.371298 -0.014930 -0.093050 0.051047 -0.019029 -0.001484 -0.042199 0.998927
1305031107.405308 -0.013020 -0.089538 0.043725 -0.012325 0.003091 -0.042273 0.999025
1305031107.439173 -0.010103 -0.090445 0.039450 -0.009275 0.007374 -0.041415 0.999072
1305031107.471259 -0.008609 -0.085885 0.033597 -0.006557 0.011170 -0.041389 0.999059
1305031107.504889 -0.006265 -0.086701 0.034156 -0.009254 0.013895 -0.039675 0.999073
1305031107.539217 -0.003024 -0.092022 0.035157 -0.010646 0.015658 -0.036773 0.999144
1305031107.571234 -0.000672 -0.083951 0.035122 -0.008285 0.016873 -0.035332 0.999199
1305031107.605087 0.000108 -0.084431 0.036980 -0.012126 0.018492 -0.034197 0.999170
1305031107.639133 0.000291 -0.084616 0.038254 -0.013606 0.019069 -0.033633 0.999160
1305031107.671374 -0.000118 -0.080920 0.039889 -0.014458 0.019010 -0.032633 0.999182
1305031107.705348 -0.002216 -0.077158 0.040962 -0.017336 0.018277 -0.032019 0.999170
1305031107.739289 -0.001512 -0.078946 0.044136 -0.021000 0.015245 -0.032938 0.999120
1305031107.771848 -0.000004 -0.076800 0.046888 -0.023013 0.013099 -0.032764 0.999112
1305031107.805570 0.003278 -0.076434 0.049456 -0.025883 0.011935 -0.033022 0.999048
1305031107.839541 0.008385 -0.079934 0.053459 -0.027563 0.011917 -0.036184 0.998894
1305031107.869431 0.010245 -0.079689 0.055801 -0.026560 0.015122 -0.038765 0.998781
1305031107.905381 0.014394 -0.080645 0.058842 -0.024825 0.018474 -0.039267 0.998750
1305031107.938365 0.021130 -0.080744 0.061422 -0.022205 0.022563 -0.039087 0.998734
1305031107.970324 0.030984 -0.080970 0.062522 -0.018325 0.026415 -0.041451 0.998623
1305031108.004895 0.035376 -0.078808 0.062737 -0.015517 0.035256 -0.039699 0.998469
1305031108.039121 0.049076 -0.079982 0.067556 -0.014320 0.043642 -0.034685 0.998342
1305031108.071311 0.060741 -0.081554 0.070118 -0.011707 0.048811 -0.035223 0.998118
1305031108.105371 0.070460 -0.078727 0.071101 -0.008969 0.052729 -0.034721 0.997965
1305031108.139307 0.079796 -0.075577 0.066631 -0.010276 0.056791 -0.031717 0.997829
1305031108.171708 0.091363 -0.078518 0.071989 -0.015929 0.058090 -0.032094 0.997668
1305031108.205350 0.108324 -0.084113 0.079401 -0.017979 0.059909 -0.033492 0.997480
1305031108.239280 0.115629 -0.080618 0.074393 -0.016996 0.065487 -0.033808 0.997136
1305031108.271509 0.121835 -0.077029 0.076624 -0.020242 0.068041 -0.032743 0.996940
1305031108.305439 0.130683 -0.074515 0.081795 -0.025516 0.067507 -0.030653 0.996921
1305031108.339149 0.138773 -0.073421 0.086317 -0.030981 0.066000 -0.025149 0.997021
1305031108.371347 0.151568 -0.073096 0.091563 -0.035836 0.062212 -0.018918 0.997240
1305031108.405323 0.165036 -0.071202 0.095813 -0.039707 0.060954 -0.012410 0.997273
1305031108.439317 0.179669 -0.074158 0.100611 -0.043255 0.060088 -0.005454 0.997241
1305031108.471575 0.201422 -0.076631 0.106020 -0.043075 0.060646 -0.000390 0.997229
1305031108.507463 0.215751 -0.076336 0.108481 -0.038175 0.067021 -0.001609 0.997020
1305031108.539274 0.227130 -0.073212 0.100895 -0.033942 0.072142 -0.004256 0.996808
1305031108.571284 0.240454 -0.072926 0.104063 -0.034219 0.077894 -0.003668 0.996367
1305031108.607477 0.246977 -0.070861 0.102542 -0.033666 0.085353 -0.002595 0.995778
1305031108.638757 0.262178 -0.066576 0.102568 -0.035246 0.089740 0.001314 0.995340
1305031108.671282 0.267687 -0.069775 0.107267 -0.040300 0.099091 0.004392 0.994252
1305031108.707378 0.273694 -0.072100 0.111252 -0.042345 0.105127 0.005019 0.993544
1305031108.739277 0.281729 -0.070741 0.110532 -0.042978 0.109024 0.007291 0.993083
1305031108.771262 0.286105 -0.072083 0.112744 -0.044765 0.112936 0.012222 0.992518
1305031108.807307 0.290135 -0.074155 0.111697 -0.044007 0.112995 0.018764 0.992443
1305031108.839214 0.293353 -0.073724 0.108619 -0.041547 0.109757 0.025369 0.992766
1305031108.872025 0.295986 -0.076831 0.108262 -0.039412 0.106105 0.030720 0.993099
1305031108.907452 0.292362 -0.079151 0.104830 -0.034655 0.103202 0.032022 0.993541
1305031108.939179 0.286736 -0.074365 0.097742 -0.029506 0.097347 0.030499 0.994345
1305031108.971256 0.291485 -0.072723 0.094979 -0.029538 0.090603 0.029899 0.995000
1305031109.007166 0.284622 -0.074404 0.092964 -0.029028 0.089529 0.027066 0.995193
1305031109.039116 0.275952 -0.067203 0.089271 -0.028775 0.086781 0.021429 0.995581
1305031109.071250 0.276355 -0.068205 0.089810 -0.033180 0.081888 0.018690 0.995914
1305031109.107288 0.260895 -0.072369 0.089708 -0.035089 0.080125 0.015307 0.996049
1305031109.139151 0.247085 -0.068653 0.083771 -0.034607 0.074118 0.012539 0.996570
1305031109.170656 0.235432 -0.060908 0.073969 -0.037729 0.070565 0.015144 0.996678
1305031109.207384 0.233723 -0.070558 0.078153 -0.050136 0.064142 0.019265 0.996494
1305031109.238807 0.226136 -0.079105 0.077519 -0.053963 0.057948 0.022061 0.996616
1305031109.270816 0.205319 -0.076459 0.071322 -0.051067 0.050366 0.023540 0.997147
1305031109.307393 0.184111 -0.073645 0.062992 -0.053590 0.042910 0.023540 0.997363
1305031109.338925 0.184175 -0.078029 0.071152 -0.057954 0.030475 0.023318 0.997582
1305031109.370140 0.178106 -0.076926 0.065715 -0.058531 0.020302 0.020249 0.997874
1305031109.407358 0.164828 -0.075310 0.064717 -0.062197 0.015281 0.015634 0.997824
1305031109.438885 0.153643 -0.078258 0.067235 -0.065873 0.012324 0.012693 0.997671
1305031109.471363 0.138679 -0.079971 0.068923 -0.065926 0.010203 0.008446 0.997737
1305031109.507233 0.129429 -0.081577 0.065214 -0.064123 0.007141 0.006285 0.997897
1305031109.539505 0.117368 -0.080021 0.061385 -0.063581 0.006565 0.006268 0.997935
1305031109.571407 0.105567 -0.079029 0.059861 -0.063590 0.004238 0.003938 0.997959
1305031109.607455 0.095776 -0.078495 0.058485 -0.064488 0.002155 0.003517 0.997910
1305031109.639276 0.082382 -0.076349 0.057554 -0.066595 0.001752 0.005664 0.997763
1305031109.671417 0.071638 -0.073993 0.054860 -0.069117 -0.002160 0.005142 0.997593
1305031109.707289 0.059804 -0.072747 0.058315 -0.073691 -0.005649 0.004802 0.997254
1305031109.739166 0.050413 -0.074061 0.061300 -0.077415 -0.008386 0.005348 0.996949
1305031109.771373 0.035114 -0.071408 0.059400 -0.079028 -0.008578 0.004165 0.996827
1305031109.807384 0.021095 -0.070353 0.060954 -0.082460 -0.010795 0.003552 0.996530
1305031109.839103 0.005378 -0.068915 0.063537 -0.086147 -0.013633 0.002073 0.996187
1305031109.873288 -0.009445 -0.071318 0.067258 -0.088354 -0.019026 -0.002244 0.995905
1305031109.905900 -0.019019 -0.065347 0.064231 -0.088775 -0.023096 -0.006212 0.995765
1305031109.939129 -0.033191 -0.066810 0.069616 -0.094120 -0.025298 -0.010588 0.995183
1305031109.972735 -0.045737 -0.065495 0.072095 -0.096400 -0.028337 -0.017296 0.994789
1305031110.005456 -0.057601 -0.064329 0.076073 -0.098871 -0.030068 -0.023854 0.994360
1305031110.037328 -0.072086 -0.061824 0.076678 -0.100600 -0.030041 -0.029115 0.994047
1305031110.071722 -0.086356 -0.060354 0.081049 -0.105171 -0.031502 -0.033028 0.993406
1305031110.106361 -0.099770 -0.064771 0.084093 -0.107767 -0.034843 -0.035472 0.992932
1305031110.137875 -0.108576 -0.056691 0.082534 -0.107171 -0.038995 -0.036261 0.992814
1305031110.171982 -0.120736 -0.058307 0.087732 -0.111843 -0.042141 -0.037002 0.992142
1305031110.207399 -0.132401 -0.060918 0.090094 -0.113205 -0.046151 -0.036191 0.991839
1305031110.239116 -0.138833 -0.060623 0.091650 -0.111554 -0.051374 -0.036293 0.991766
1305031110.275357 -0.152561 -0.060238 0.088698 -0.108923 -0.053641 -0.037787 0.991882
1305031110.307526 -0.162985 -0.056552 0.087153 -0.107047 -0.058426 -0.038194 0.991801
1305031110.337462 -0.175210 -0.056237 0.086655 -0.106217 -0.064002 -0.041298 0.991421
1305031110.375444 -0.187505 -0.047858 0.082255 -0.103749 -0.069961 -0.042859 0.991214
1305031110.407475 -0.196162 -0.042851 0.085874 -0.107053 -0.076957 -0.044931 0.990252
1305031110.439454 -0.212720 -0.044469 0.088631 -0.110321 -0.082506 -0.050206 0.989192
1305031110.474959 -0.226221 -0.042296 0.088358 -0.110323 -0.089326 -0.053358 0.988434
1305031110.506984 -0.234825 -0.034999 0.086526 -0.109991 -0.096422 -0.055416 0.987691
1305031110.538970 -0.242646 -0.030503 0.086583 -0.113575 -0.103306 -0.059515 0.986350
1305031110.575551 -0.248389 -0.035676 0.093703 -0.119526 -0.109031 -0.062120 0.984869
1305031110.607798 -0.257768 -0.037178 0.093980 -0.118406 -0.111351 -0.065264 0.984541
1305031110.639452 -0.262846 -0.028043 0.089156 -0.115601 -0.114149 -0.066429 0.984476
1305031110.675691 -0.268632 -0.031029 0.092294 -0.120271 -0.116495 -0.067407 0.983575
1305031110.705684 -0.273829 -0.032374 0.092962 -0.121090 -0.118488 -0.068739 0.983144
1305031110.739345 -0.275577 -0.029611 0.092127 -0.120205 -0.120884 -0.068973 0.982945
1305031110.774463 -0.278508 -0.028739 0.092209 -0.120683 -0.121311 -0.070611 0.982717
1305031110.805535 -0.283253 -0.029395 0.092494 -0.122539 -0.122565 -0.072769 0.982175
1305031110.839233 -0.280040 -0.030191 0.093178 -0.122820 -0.125968 -0.072223 0.981749
1305031110.875303 -0.279467 -0.027996 0.093548 -0.122773 -0.127139 -0.072566 0.981579
1305031110.906617 -0.273524 -0.028580 0.094427 -0.122953 -0.130655 -0.073257 0.981043
1305031110.941265 -0.262059 -0.024316 0.095589 -0.121671 -0.131984 -0.073040 0.981041
1305031110.975331 -0.254596 -0.025019 0.100330 -0.123612 -0.127834 -0.072754 0.981369
1305031111.007550 -0.249792 -0.026751 0.098063 -0.123231 -0.121324 -0.070966 0.982374
1305031111.041498 -0.246824 -0.025024 0.095751 -0.124732 -0.116563 -0.069669 0.982854
1305031111.075444 -0.239126 -0.028953 0.100981 -0.127574 -0.114137 -0.066916 0.982965
1305031111.107583 -0.231782 -0.031162 0.102188 -0.126340 -0.110872 -0.065947 0.983563
1305031111.141234 -0.220965 -0.031160 0.099586 -0.123574 -0.106732 -0.065906 0.984375
1305031111.175132 -0.211889 -0.033316 0.096607 -0.122476 -0.097594 -0.063579 0.985613
1305031111.205414 -0.208409 -0.034554 0.100677 -0.121993 -0.092949 -0.064722 0.986047
1305031111.239953 -0.198709 -0.037731 0.098388 -0.118342 -0.090064 -0.063228 0.986857
1305031111.274623 -0.190926 -0.034125 0.091513 -0.113513 -0.083605 -0.061065 0.988128
1305031111.306929 -0.186523 -0.033176 0.092127 -0.116895 -0.084561 -0.061480 0.987626
1305031111.341428 -0.166856 -0.044723 0.099537 -0.119816 -0.089491 -0.056888 0.987117
1305031111.375021 -0.158276 -0.043940 0.095391 -0.114610 -0.089458 -0.057653 0.987693
1305031111.407104 -0.138720 -0.041498 0.101342 -0.113887 -0.097747 -0.061418 0.986764
1305031111.441167 -0.116701 -0.043825 0.105623 -0.110689 -0.094058 -0.060725 0.987529
1305031111.475089 -0.108785 -0.044155 0.103591 -0.106043 -0.081430 -0.061854 0.989090
1305031111.507398 -0.099763 -0.046442 0.104836 -0.102295 -0.073193 -0.061205 0.990168
1305031111.541366 -0.094420 -0.041767 0.096441 -0.096558 -0.060004 -0.056837 0.991890
1305031111.575279 -0.091359 -0.041078 0.097122 -0.096852 -0.052348 -0.051552 0.992583
1305031111.607331 -0.079775 -0.046923 0.099733 -0.094484 -0.051370 -0.044610 0.993199
1305031111.641400 -0.067202 -0.039213 0.089960 -0.086228 -0.041930 -0.038000 0.994667
1305031111.675286 -0.053390 -0.038851 0.094868 -0.085410 -0.034220 -0.037210 0.995063
1305031111.707776 -0.037507 -0.043205 0.095263 -0.081805 -0.022370 -0.034009 0.995817
1305031111.741445 -0.030574 -0.039000 0.090602 -0.076648 -0.001656 -0.031850 0.996548
1305031111.775326 -0.017761 -0.041286 0.095426 -0.074304 0.010803 -0.032141 0.996659
1305031111.805741 -0.009081 -0.040874 0.090007 -0.070010 0.022112 -0.031446 0.996805
1305031111.841316 -0.008487 -0.035324 0.088961 -0.068170 0.033461 -0.027994 0.996719
1305031111.875214 -0.006395 -0.041194 0.089818 -0.068721 0.036602 -0.022771 0.996704
1305031111.907355 0.009024 -0.038837 0.089677 -0.065645 0.032152 -0.014428 0.997221
1305031111.941490 0.035632 -0.037443 0.090247 -0.064047 0.029397 -0.006830 0.997490
1305031111.975471 0.056042 -0.039371 0.092335 -0.062510 0.034441 -0.006503 0.997429
1305031112.007514 0.069389 -0.040890 0.088162 -0.058780 0.042726 -0.009283 0.997313
1305031112.041341 0.086899 -0.041845 0.087031 -0.056673 0.052856 -0.009770 0.996945
1305031112.075035 0.094441 -0.041564 0.082482 -0.053286 0.063383 -0.015610 0.996443
1305031112.106959 0.113687 -0.043046 0.078390 -0.053312 0.065511 -0.021313 0.996199
1305031112.141725 0.128928 -0.044313 0.077870 -0.055598 0.077379 -0.024672 0.995145
1305031112.174367 0.131390 -0.047589 0.087751 -0.056037 0.090680 -0.031091 0.993816
1305031112.209493 0.141517 -0.051388 0.089844 -0.050768 0.100422 -0.035408 0.993018
1305031112.239513 0.141086 -0.047723 0.087713 -0.043336 0.110881 -0.040272 0.992071
1305031112.274420 0.153533 -0.051315 0.087075 -0.037905 0.112084 -0.041430 0.992111
1305031112.307451 0.165403 -0.053040 0.085685 -0.031481 0.112087 -0.040458 0.992375
1305031112.339556 0.177200 -0.052550 0.086183 -0.026694 0.110479 -0.036373 0.992854
1305031112.375296 0.189983 -0.052282 0.085531 -0.023965 0.107776 -0.032183 0.993365
1305031112.409467 0.203557 -0.055030 0.085626 -0.022089 0.106233 -0.025847 0.993760
1305031112.441227 0.212459 -0.053484 0.085165 -0.017782 0.105646 -0.016077 0.994115
1305031112.475242 0.221538 -0.054977 0.084661 -0.015713 0.102395 -0.008133 0.994586
1305031112.509087 0.231959 -0.056383 0.083879 -0.013338 0.098847 -0.004006 0.995005
1305031112.540761 0.241242 -0.054918 0.082644 -0.010644 0.095679 0.001781 0.995354
1305031112.573361 0.257376 -0.051176 0.080997 -0.009178 0.093414 0.008349 0.995550
1305031112.609001 0.269913 -0.050810 0.080128 -0.011488 0.098360 0.015551 0.994963
1305031112.641332 0.272070 -0.053096 0.081569 -0.013978 0.105415 0.018357 0.994161
1305031112.675638 0.274827 -0.050845 0.082340 -0.015151 0.110035 0.020190 0.993607
1305031112.709288 0.277263 -0.039798 0.082245 -0.016583 0.113675 0.023540 0.993101
1305031112.741395 0.277733 -0.045140 0.084114 -0.025412 0.117718 0.027117 0.992351
1305031112.775416 0.276499 -0.047259 0.080957 -0.026939 0.116662 0.028139 0.992407
1305031112.809424 0.271998 -0.042226 0.076914 -0.028416 0.111394 0.026073 0.993028
1305031112.841423 0.279859 -0.041912 0.077676 -0.032370 0.104662 0.029215 0.993552
1305031112.875252 0.273279 -0.042746 0.079702 -0.035505 0.102284 0.031527 0.993621
1305031112.909328 0.266769 -0.045404 0.082215 -0.038322 0.097134 0.030285 0.994072
1305031112.941322 0.265942 -0.044454 0.082100 -0.038746 0.089170 0.028568 0.994852
1305031112.975221 0.267047 -0.039296 0.079335 -0.038851 0.082835 0.028894 0.995386
1305031113.009259 0.267293 -0.040154 0.078767 -0.043480 0.077612 0.026451 0.995684
1305031113.041361 0.258295 -0.048764 0.078075 -0.046391 0.074104 0.021587 0.995937
1305031113.075231 0.247186 -0.045063 0.072063 -0.042864 0.068511 0.016798 0.996588
1305031113.109489 0.232450 -0.043677 0.064027 -0.045498 0.067968 0.016212 0.996518
1305031113.141485 0.224422 -0.051055 0.066093 -0.050493 0.064790 0.017551 0.996466
1305031113.175215 0.209825 -0.050601 0.062920 -0.048359 0.059474 0.018818 0.996880
1305031113.209220 0.194736 -0.048618 0.054191 -0.050156 0.052472 0.020312 0.997155
1305031113.241479 0.177245 -0.055333 0.059087 -0.054018 0.049523 0.022322 0.997061
1305031113.275391 0.162786 -0.060449 0.060812 -0.050798 0.043120 0.025072 0.997463
1305031113.309387 0.143911 -0.057034 0.048230 -0.045280 0.033385 0.024721 0.998110
1305031113.341324 0.120527 -0.056993 0.047516 -0.049013 0.027343 0.023228 0.998154
1305031113.375345 0.110282 -0.063608 0.053508 -0.050402 0.018875 0.023418 0.998276
1305031113.409488 0.099158 -0.060024 0.043148 -0.047813 0.010185 0.019201 0.998620
1305031113.441526 0.080510 -0.060401 0.043409 -0.051900 0.003787 0.014014 0.998547
1305031113.477484 0.064510 -0.060961 0.049423 -0.055985 -0.002247 0.012575 0.998350
1305031113.509755 0.050692 -0.062448 0.054624 -0.058211 -0.009162 0.009856 0.998214
1305031113.541329 0.037195 -0.061513 0.048702 -0.057913 -0.014287 0.004999 0.998207
1305031113.577133 0.025615 -0.061695 0.051070 -0.060909 -0.018384 0.000699 0.997974
1305031113.609242 0.013691 -0.061095 0.054116 -0.063536 -0.019711 -0.002662 0.997781
1305031113.640820 -0.001803 -0.061556 0.054319 -0.064705 -0.018804 -0.006263 0.997708
1305031113.676766 -0.013085 -0.061789 0.057359 -0.065045 -0.019562 -0.010701 0.997633
1305031113.708094 -0.025098 -0.059705 0.057999 -0.063746 -0.017744 -0.016018 0.997680
1305031113.739927 -0.042533 -0.061590 0.057598 -0.063209 -0.014113 -0.020654 0.997687
1305031113.776744 -0.055564 -0.059957 0.056524 -0.061789 -0.013221 -0.022762 0.997742
1305031113.808516 -0.068747 -0.056058 0.057061 -0.061554 -0.011142 -0.025900 0.997705
1305031113.840866 -0.087593 -0.063884 0.060295 -0.062479 -0.009476 -0.030279 0.997542
1305031113.876740 -0.098543 -0.058537 0.058788 -0.057874 -0.011431 -0.030670 0.997787
1305031113.908825 -0.107499 -0.058748 0.061125 -0.055742 -0.010961 -0.032522 0.997855
1305031113.940926 -0.123823 -0.057391 0.060518 -0.052056 -0.008422 -0.037807 0.997893
1305031113.976769 -0.142834 -0.055121 0.057647 -0.048297 -0.005924 -0.043319 0.997876
1305031114.009170 -0.166900 -0.052741 0.058557 -0.046306 -0.005505 -0.045585 0.997871
1305031114.040924 -0.182371 -0.053032 0.058530 -0.044179 -0.010529 -0.045687 0.997923
1305031114.076791 -0.194267 -0.049708 0.056018 -0.041293 -0.016716 -0.048518 0.997828
1305031114.108832 -0.207269 -0.048090 0.058038 -0.041101 -0.021966 -0.051089 0.997606
1305031114.140923 -0.216702 -0.051958 0.061847 -0.039892 -0.025527 -0.052896 0.997476
1305031114.176725 -0.227681 -0.039932 0.058944 -0.034717 -0.026346 -0.055003 0.997535
1305031114.208779 -0.246529 -0.039907 0.063229 -0.037253 -0.027390 -0.058762 0.997201
1305031114.240905 -0.268031 -0.039095 0.063715 -0.037168 -0.030950 -0.060509 0.996995
1305031114.275233 -0.276805 -0.036964 0.063604 -0.038199 -0.040240 -0.059535 0.996683
1305031114.309070 -0.279369 -0.038115 0.066647 -0.039798 -0.049037 -0.061251 0.996122
1305031114.341125 -0.287224 -0.039045 0.069043 -0.040024 -0.052250 -0.065077 0.995707
1305031114.376813 -0.301623 -0.038088 0.069473 -0.038869 -0.052937 -0.069589 0.995412
1305031114.408994 -0.316496 -0.035361 0.069945 -0.038471 -0.055776 -0.071015 0.995171
1305031114.440943 -0.327997 -0.035842 0.073259 -0.039106 -0.062571 -0.071633 0.994698
1305031114.476911 -0.334661 -0.034842 0.070350 -0.039675 -0.071471 -0.072316 0.994026
1305031114.508919 -0.337976 -0.037857 0.071914 -0.043729 -0.076612 -0.070705 0.993589
1305031114.541595 -0.342680 -0.039342 0.073597 -0.045371 -0.077521 -0.067162 0.993691
1305031114.577211 -0.348219 -0.036408 0.074280 -0.046977 -0.078030 -0.064639 0.993744
1305031114.609476 -0.355226 -0.037090 0.078767 -0.052075 -0.080069 -0.063277 0.993415
1305031114.644143 -0.360862 -0.039477 0.081246 -0.055431 -0.085997 -0.063668 0.992713
1305031114.677453 -0.358023 -0.042461 0.083262 -0.056810 -0.092659 -0.061925 0.992145
1305031114.708724 -0.356933 -0.043735 0.084722 -0.056053 -0.097026 -0.064700 0.991594
1305031114.743238 -0.354893 -0.042990 0.082999 -0.053571 -0.099516 -0.067781 0.991278
1305031114.777068 -0.353602 -0.038869 0.081763 -0.052290 -0.099430 -0.068405 0.991312
1305031114.809307 -0.352094 -0.040079 0.081482 -0.052772 -0.100451 -0.070911 0.991008
1305031114.842673 -0.347808 -0.036962 0.080407 -0.052436 -0.101039 -0.070602 0.990988
1305031114.877169 -0.344018 -0.035236 0.080171 -0.053248 -0.101471 -0.070760 0.990889
1305031114.910192 -0.334499 -0.033273 0.081553 -0.055490 -0.102798 -0.072379 0.990512
1305031114.943249 -0.330105 -0.032113 0.081145 -0.057670 -0.099750 -0.073280 0.990633
1305031114.977345 -0.324362 -0.028635 0.082245 -0.061391 -0.098071 -0.074989 0.990449
1305031115.009240 -0.314098 -0.031242 0.089490 -0.066091 -0.096332 -0.076256 0.990221
1305031115.043519 -0.308518 -0.030465 0.086271 -0.067585 -0.091571 -0.077171 0.990501
1305031115.075408 -0.295773 -0.028778 0.094140 -0.070641 -0.087397 -0.076323 0.990730
1305031115.109152 -0.283010 -0.030581 0.098199 -0.072380 -0.079192 -0.075039 0.991392
1305031115.143285 -0.277337 -0.029929 0.097647 -0.073629 -0.073861 -0.075129 0.991705
1305031115.176041 -0.264507 -0.033320 0.108587 -0.075143 -0.071752 -0.072348 0.991953
1305031115.208914 -0.251676 -0.039815 0.109374 -0.072443 -0.066219 -0.070472 0.992674
1305031115.242136 -0.244869 -0.035278 0.103911 -0.069681 -0.059897 -0.068267 0.993427
1305031115.276717 -0.229399 -0.038726 0.117220 -0.070754 -0.054701 -0.061720 0.994079
1305031115.308619 -0.221367 -0.038027 0.108423 -0.066313 -0.042617 -0.059736 0.995097
1305031115.343330 -0.217278 -0.035208 0.100669 -0.070225 -0.036117 -0.055540 0.995329
1305031115.377110 -0.209601 -0.039395 0.101802 -0.076487 -0.039375 -0.056307 0.994700
1305031115.408700 -0.189738 -0.041303 0.105519 -0.080146 -0.041733 -0.051080 0.994598
1305031115.443099 -0.178135 -0.040956 0.107063 -0.084184 -0.038946 -0.045703 0.994639
1305031115.477052 -0.159530 -0.042901 0.117797 -0.087250 -0.036903 -0.041627 0.994632
1305031115.509346 -0.138090 -0.045513 0.119889 -0.086769 -0.024411 -0.036069 0.995276
1305031115.543612 -0.128529 -0.045843 0.117927 -0.084949 -0.009246 -0.032376 0.995816
1305031115.577302 -0.114788 -0.047132 0.117397 -0.083655 -0.001703 -0.027523 0.996113
1305031115.609426 -0.101804 -0.048846 0.116660 -0.081665 0.006821 -0.020707 0.996421
1305031115.643254 -0.094394 -0.050686 0.111516 -0.079603 0.013376 -0.011075 0.996675
1305031115.677174 -0.071216 -0.047360 0.109560 -0.077404 0.011227 -0.001577 0.996935
1305031115.708810 -0.046637 -0.046857 0.114452 -0.076542 0.015576 0.005575 0.996929
1305031115.743077 -0.032347 -0.048465 0.110386 -0.074131 0.026168 0.011665 0.996837
1305031115.776877 -0.012653 -0.046342 0.106926 -0.072642 0.034042 0.019166 0.996593
1305031115.808851 0.005107 -0.045124 0.109517 -0.073688 0.043501 0.026045 0.995992
1305031115.842580 0.014812 -0.050146 0.109253 -0.073451 0.051500 0.032913 0.995424
1305031115.877273 0.033291 -0.046541 0.106222 -0.069800 0.053361 0.038144 0.995402
1305031115.910917 0.046276 -0.042326 0.106037 -0.068540 0.061015 0.043846 0.994815
1305031115.942663 0.062434 -0.041487 0.103156 -0.069593 0.066396 0.049680 0.994123
1305031115.977270 0.082187 -0.039626 0.103153 -0.071292 0.073170 0.053028 0.993354
1305031116.011111 0.090039 -0.035196 0.106790 -0.072103 0.088482 0.053586 0.992018
1305031116.042891 0.099612 -0.031639 0.103295 -0.075325 0.100575 0.056936 0.990439
1305031116.075778 0.114045 -0.028418 0.109474 -0.080485 0.109644 0.059476 0.988920
1305031116.109774 0.122264 -0.027074 0.116433 -0.083579 0.119513 0.061244 0.987411
1305031116.143444 0.130739 -0.023765 0.118032 -0.084184 0.125720 0.063657 0.986436
1305031116.177232 0.142908 -0.021751 0.119583 -0.087309 0.130788 0.066830 0.985295
1305031116.211309 0.157900 -0.024080 0.121820 -0.090153 0.135007 0.070212 0.984234
1305031116.243020 0.165810 -0.022736 0.119658 -0.089095 0.145077 0.073158 0.982681
1305031116.276903 0.176380 -0.018176 0.117489 -0.089423 0.152480 0.075871 0.981324
1305031116.311011 0.192183 -0.018542 0.122757 -0.090031 0.154492 0.078119 0.980777
1305031116.342875 0.197016 -0.017817 0.122998 -0.083981 0.157503 0.078654 0.980792
1305031116.376937 0.194905 -0.027144 0.107176 -0.083918 0.160296 0.081520 0.980111
1305031116.410482 0.197085 -0.024251 0.105008 -0.084871 0.162181 0.090993 0.978884
1305031116.442933 0.202156 -0.035443 0.108341 -0.089882 0.162086 0.095197 0.978053
1305031116.476622 0.201391 -0.035248 0.105335 -0.087722 0.160135 0.091767 0.978898
1305031116.510890 0.190917 -0.034155 0.101554 -0.084699 0.161701 0.087089 0.979334
1305031116.542979 0.179023 -0.028905 0.104052 -0.083157 0.161803 0.083107 0.979795
1305031116.576851 0.172115 -0.030951 0.107582 -0.084036 0.155642 0.077296 0.981193
1305031116.611076 0.157124 -0.036857 0.105571 -0.085672 0.148653 0.069420 0.982723
1305031116.643009 0.147603 -0.039430 0.102541 -0.087225 0.139171 0.061541 0.984498
1305031116.676902 0.132721 -0.041226 0.099526 -0.088152 0.134626 0.052435 0.985574
1305031116.711288 0.117006 -0.040862 0.098739 -0.090259 0.130204 0.041910 0.986481
1305031116.741933 0.101385 -0.041108 0.098483 -0.093432 0.125451 0.031771 0.987179
1305031116.777179 0.084059 -0.045273 0.101614 -0.095499 0.121951 0.023873 0.987643
1305031116.811330 0.061639 -0.042408 0.098606 -0.093179 0.114975 0.016636 0.988849
1305031116.843229 0.043088 -0.042740 0.098621 -0.095594 0.104545 0.011301 0.989851
1305031116.875946 0.023755 -0.040436 0.100848 -0.094963 0.094850 0.007308 0.990925
1305031116.909999 0.011764 -0.036958 0.099098 -0.095435 0.078826 0.001425 0.992309
1305031116.941961 -0.010082 -0.032935 0.101788 -0.094012 0.069306 -0.008209 0.993122
1305031116.977004 -0.026306 -0.030185 0.101540 -0.092520 0.057080 -0.016098 0.993943
1305031117.010097 -0.032409 -0.030020 0.098304 -0.094173 0.043129 -0.020099 0.994418
1305031117.042663 -0.045706 -0.027219 0.099584 -0.096238 0.032511 -0.025805 0.994493
1305031117.075351 -0.063249 -0.024159 0.100285 -0.098053 0.022946 -0.026683 0.994559
1305031117.110846 -0.069513 -0.021731 0.096924 -0.100622 0.010900 -0.026108 0.994522
1305031117.142801 -0.075435 -0.020062 0.099211 -0.103856 0.000490 -0.030390 0.994128
1305031117.177162 -0.081541 -0.018639 0.099360 -0.105746 -0.006230 -0.032968 0.993827
1305031117.209557 -0.082837 -0.012936 0.099561 -0.107722 -0.009585 -0.034378 0.993540
1305031117.242309 -0.084089 -0.014776 0.103711 -0.113229 -0.009755 -0.038890 0.992760
1305031117.277907 -0.088665 -0.018766 0.105338 -0.117945 -0.007353 -0.040271 0.992176
1305031117.310660 -0.090780 -0.023547 0.107372 -0.120693 -0.007741 -0.040869 0.991818
1305031117.342144 -0.092626 -0.028289 0.107650 -0.120750 -0.007576 -0.041223 0.991798
1305031117.377260 -0.095871 -0.034510 0.107938 -0.120341 -0.008312 -0.040176 0.991885
1305031117.409880 -0.094841 -0.036549 0.107194 -0.116891 -0.010594 -0.038984 0.992323
1305031117.442741 -0.096293 -0.043402 0.107312 -0.115890 -0.011079 -0.037253 0.992501
1305031117.477527 -0.096632 -0.051322 0.108053 -0.113465 -0.012741 -0.035628 0.992821
1305031117.510103 -0.098043 -0.054432 0.106956 -0.107737 -0.013344 -0.035252 0.993465
1305031117.542011 -0.099637 -0.060183 0.107478 -0.104930 -0.014853 -0.036673 0.993692
1305031117.578507 -0.100350 -0.066607 0.109804 -0.104055 -0.016551 -0.035663 0.993794
1305031117.609468 -0.101931 -0.074418 0.112459 -0.102634 -0.018283 -0.034479 0.993953
1305031117.643268 -0.102476 -0.079862 0.114932 -0.102178 -0.021051 -0.033512 0.993979
1305031117.677372 -0.101350 -0.089462 0.120654 -0.103484 -0.024145 -0.030845 0.993860
1305031117.711200 -0.101548 -0.098317 0.125191 -0.103485 -0.026245 -0.027353 0.993908
1305031117.743090 -0.101675 -0.104413 0.128277 -0.102718 -0.028708 -0.025244 0.993976
1305031117.779218 -0.099727 -0.116103 0.135772 -0.104820 -0.031514 -0.022586 0.993735
1305031117.811190 -0.095992 -0.123180 0.141210 -0.101780 -0.032669 -0.022024 0.994026
1305031117.843299 -0.097156 -0.128462 0.145010 -0.099461 -0.029317 -0.021981 0.994367
1305031117.879459 -0.098771 -0.141673 0.150633 -0.100350 -0.027305 -0.022084 0.994332
1305031117.910084 -0.099000 -0.146931 0.154745 -0.098050 -0.025485 -0.022548 0.994600
1305031117.943263 -0.102522 -0.154004 0.159429 -0.099363 -0.022816 -0.022977 0.994524
1305031117.979246 -0.101856 -0.167576 0.168282 -0.102573 -0.023127 -0.022631 0.994199
1305031118.011121 -0.102067 -0.175593 0.173857 -0.101274 -0.021941 -0.022415 0.994364
1305031118.043535 -0.100719 -0.183360 0.179386 -0.100976 -0.021368 -0.023767 0.994375
1305031118.079351 -0.097813 -0.196240 0.185518 -0.101581 -0.018330 -0.025271 0.994337
1305031118.111040 -0.101552 -0.201651 0.190098 -0.098997 -0.012929 -0.026947 0.994639
1305031118.142771 -0.101716 -0.214653 0.196144 -0.099818 -0.010407 -0.028782 0.994535
1305031118.178746 -0.104763 -0.228454 0.200673 -0.098355 -0.007335 -0.027518 0.994744
1305031118.210992 -0.105388 -0.236870 0.204422 -0.095270 -0.008465 -0.027277 0.995042
1305031118.243061 -0.103224 -0.250875 0.209517 -0.093205 -0.009722 -0.028289 0.995198
1305031118.279093 -0.103342 -0.259819 0.212983 -0.087394 -0.010335 -0.028361 0.995716
1305031118.311015 -0.101453 -0.261761 0.214106 -0.080968 -0.009984 -0.030145 0.996211
1305031118.342701 -0.105498 -0.269808 0.217501 -0.077471 -0.007461 -0.031502 0.996469
1305031118.378106 -0.107312 -0.269624 0.218276 -0.073145 -0.008870 -0.031456 0.996786
1305031118.410057 -0.104598 -0.271282 0.220394 -0.072251 -0.009575 -0.028474 0.996934
1305031118.445698 -0.104361 -0.274893 0.223529 -0.072175 -0.010079 -0.026178 0.996997
1305031118.478577 -0.100570 -0.271447 0.223188 -0.069159 -0.011274 -0.024830 0.997233
1305031118.510728 -0.100501 -0.265992 0.222338 -0.069326 -0.010389 -0.026002 0.997201
1305031118.544806 -0.098341 -0.265239 0.223857 -0.071906 -0.009899 -0.026107 0.997021
1305031118.577831 -0.096064 -0.262222 0.222866 -0.072797 -0.008460 -0.028165 0.996913
1305031118.613505 -0.099648 -0.255505 0.218841 -0.073631 -0.005082 -0.031379 0.996779
1305031118.645328 -0.101144 -0.250534 0.217459 -0.077350 -0.003449 -0.033160 0.996446
1305031118.677188 -0.102584 -0.248437 0.216412 -0.079475 -0.003630 -0.035930 0.996183
1305031118.710781 -0.107284 -0.240544 0.208917 -0.077517 -0.004551 -0.036053 0.996329
1305031118.746785 -0.102657 -0.229194 0.202575 -0.079503 -0.009633 -0.036880 0.996106
1305031118.779034 -0.099920 -0.229841 0.201420 -0.086218 -0.012397 -0.038242 0.995465
1305031118.810962 -0.096043 -0.223865 0.194858 -0.083275 -0.013248 -0.037465 0.995734
1305031118.846764 -0.097617 -0.200671 0.183517 -0.078304 -0.010109 -0.039898 0.996080
1305031118.877305 -0.097159 -0.196462 0.179463 -0.082456 -0.009296 -0.041985 0.995667
1305031118.910392 -0.098112 -0.187136 0.170840 -0.081915 -0.007637 -0.044299 0.995625
1305031118.946991 -0.101521 -0.174966 0.161935 -0.082796 -0.005790 -0.048882 0.995350
1305031118.979384 -0.103437 -0.166505 0.155128 -0.087129 -0.005590 -0.051325 0.994858
1305031119.010538 -0.105140 -0.159488 0.148760 -0.090047 -0.005796 -0.051901 0.994567
1305031119.047176 -0.108764 -0.151275 0.140468 -0.090972 -0.006949 -0.052389 0.994450
1305031119.079094 -0.108793 -0.143679 0.133555 -0.091942 -0.010630 -0.051774 0.994361
1305031119.111106 -0.109213 -0.133803 0.124868 -0.092238 -0.013906 -0.050667 0.994350
1305031119.147623 -0.108688 -0.129433 0.119790 -0.094002 -0.018362 -0.050177 0.994137
1305031119.179244 -0.105743 -0.118746 0.111440 -0.090914 -0.021077 -0.048858 0.994436
1305031119.211135 -0.106402 -0.107207 0.104615 -0.089614 -0.021914 -0.047674 0.994594
1305031119.247530 -0.105013 -0.097710 0.098532 -0.089354 -0.023308 -0.048000 0.994570
1305031119.279228 -0.106486 -0.089754 0.092346 -0.089635 -0.022939 -0.045859 0.994654
1305031119.310984 -0.107299 -0.083113 0.087010 -0.089361 -0.024301 -0.043594 0.994748
1305031119.347745 -0.105876 -0.069208 0.080765 -0.087275 -0.026786 -0.043140 0.994889
1305031119.378935 -0.101265 -0.060737 0.078497 -0.088332 -0.028091 -0.042903 0.994770
1305031119.411488 -0.101318 -0.052545 0.074281 -0.089220 -0.025335 -0.042944 0.994763
1305031119.447716 -0.103241 -0.040682 0.067483 -0.086912 -0.022507 -0.044198 0.994981
1305031119.478475 -0.106142 -0.030329 0.061630 -0.088133 -0.020171 -0.043868 0.994938
1305031119.511249 -0.106455 -0.020420 0.057329 -0.089405 -0.019846 -0.042922 0.994872
1305031119.547398 -0.105912 -0.006230 0.053511 -0.090130 -0.018465 -0.043563 0.994805
1305031119.579564 -0.107305 -0.001271 0.051295 -0.095438 -0.016015 -0.042475 0.994400
1305031119.615021 -0.108544 0.011294 0.048275 -0.097588 -0.014926 -0.041769 0.994238
1305031119.648396 -0.105671 0.023155 0.048233 -0.101708 -0.013469 -0.043967 0.993751
1305031119.677387 -0.106585 0.030632 0.046955 -0.108020 -0.008308 -0.042017 0.993226
1305031119.715240 -0.110482 0.038009 0.042193 -0.111795 -0.005058 -0.037785 0.993000
1305031119.746039 -0.111316 0.046719 0.039815 -0.114849 -0.006084 -0.035673 0.992724
1305031119.778899 -0.109390 0.057479 0.038678 -0.116154 -0.007299 -0.031493 0.992705
1305031119.814554 -0.108332 0.068666 0.036686 -0.117639 -0.006137 -0.027607 0.992654
1305031119.847437 -0.107786 0.073739 0.035249 -0.118945 -0.004490 -0.027734 0.992503
1305031119.879223 -0.109216 0.089169 0.029934 -0.115922 -0.001842 -0.026865 0.992893
1305031119.911412 -0.108508 0.097027 0.029356 -0.120037 -0.000371 -0.027132 0.992399
1305031119.947427 -0.108149 0.101130 0.028366 -0.122995 0.002731 -0.028801 0.991986
1305031119.979542 -0.109268 0.109123 0.025450 -0.127057 0.006643 -0.026214 0.991527
1305031120.015274 -0.112871 0.101031 0.023741 -0.139267 0.009117 -0.025843 0.989876
1305031120.047300 -0.114081 0.098884 0.022635 -0.142220 0.007557 -0.023483 0.989528
1305031120.077554 -0.113653 0.103884 0.021761 -0.142161 0.005065 -0.021407 0.989599
1305031120.115241 -0.110821 0.098880 0.025207 -0.145973 0.003051 -0.020258 0.989077
1305031120.148166 -0.109693 0.093537 0.027711 -0.145959 0.003196 -0.016921 0.989141
1305031120.179254 -0.110570 0.087999 0.028416 -0.142266 0.003362 -0.016446 0.989686
1305031120.215255 -0.111351 0.086163 0.027607 -0.136946 0.003551 -0.019752 0.990375
1305031120.248011 -0.112443 0.080173 0.028843 -0.133718 0.004664 -0.021755 0.990770
1305031120.279436 -0.112875 0.071980 0.031217 -0.131614 0.004984 -0.024027 0.990997
1305031120.315205 -0.113340 0.063800 0.034142 -0.128177 0.005355 -0.026142 0.991392
1305031120.347792 -0.113300 0.053377 0.039472 -0.127455 0.004939 -0.026080 0.991489
1305031120.379441 -0.112383 0.038229 0.045042 -0.123808 0.003757 -0.026517 0.991945
1305031120.415468 -0.112265 0.031677 0.047870 -0.116043 0.002644 -0.027288 0.992866
1305031120.447425 -0.110805 0.018120 0.055174 -0.115035 0.001128 -0.026283 0.993013
1305031120.477507 -0.112571 0.005644 0.059328 -0.109508 -0.000125 -0.025186 0.993667
1305031120.514848 -0.111403 -0.000482 0.063298 -0.101987 -0.003841 -0.022353 0.994527
1305031120.547771 -0.111788 -0.006592 0.067306 -0.097823 -0.007574 -0.018532 0.995002
1305031120.579555 -0.109662 -0.015098 0.074240 -0.094656 -0.012569 -0.015841 0.995305
1305031120.615253 -0.108859 -0.021622 0.079159 -0.088734 -0.015814 -0.015787 0.995805
1305031120.646980 -0.107544 -0.028066 0.084320 -0.085576 -0.017755 -0.015103 0.996059
1305031120.678893 -0.108110 -0.037018 0.088387 -0.083727 -0.018066 -0.014590 0.996218
1305031120.714538 -0.109530 -0.047039 0.092898 -0.083137 -0.019843 -0.014293 0.996238
1305031120.747383 -0.106178 -0.058221 0.100186 -0.081915 -0.023400 -0.014193 0.996263
1305031120.779901 -0.106599 -0.062601 0.102452 -0.077907 -0.023593 -0.014832 0.996571
1305031120.814924 -0.106215 -0.072307 0.108677 -0.079199 -0.024983 -0.016199 0.996414
1305031120.847931 -0.103458 -0.083701 0.113954 -0.077673 -0.025810 -0.018027 0.996482
1305031120.883445 -0.106020 -0.086990 0.115122 -0.074611 -0.023566 -0.019839 0.996737
1305031120.915449 -0.106842 -0.098078 0.119773 -0.075648 -0.023332 -0.021739 0.996625
1305031120.947499 -0.108126 -0.107380 0.123445 -0.075474 -0.023234 -0.023544 0.996599
1305031120.983378 -0.107942 -0.117432 0.127273 -0.074357 -0.024290 -0.024522 0.996634
1305031121.015024 -0.109096 -0.122122 0.129625 -0.072661 -0.023903 -0.025083 0.996755
1305031121.047626 -0.111242 -0.137522 0.133621 -0.073906 -0.024776 -0.025972 0.996619
1305031121.083108 -0.110631 -0.143137 0.136031 -0.070243 -0.026622 -0.025622 0.996845
1305031121.114787 -0.111739 -0.151775 0.138314 -0.068693 -0.027134 -0.026023 0.996929
1305031121.147343 -0.111985 -0.161612 0.141702 -0.067379 -0.028766 -0.026532 0.996960
1305031121.183276 -0.109305 -0.170298 0.146715 -0.064888 -0.029679 -0.026708 0.997093
1305031121.211426 -0.113325 -0.175793 0.147771 -0.062144 -0.027129 -0.027090 0.997331
1305031121.247198 -0.113660 -0.187358 0.152874 -0.063320 -0.028672 -0.025625 0.997252
1305031121.282849 -0.111880 -0.198293 0.157859 -0.061236 -0.029588 -0.024715 0.997379
1305031121.313578 -0.115486 -0.204786 0.158805 -0.058856 -0.029555 -0.023207 0.997559
1305031121.347528 -0.110704 -0.217307 0.166527 -0.058526 -0.032823 -0.022059 0.997502
1305031121.383237 -0.111145 -0.223907 0.169110 -0.053521 -0.032072 -0.023223 0.997781
1305031121.414323 -0.111198 -0.229844 0.172243 -0.051842 -0.031769 -0.022074 0.997906
1305031121.447172 -0.107889 -0.243883 0.180315 -0.051910 -0.030952 -0.020250 0.997967
1305031121.482990 -0.113349 -0.245278 0.178834 -0.046615 -0.027617 -0.019531 0.998340
1305031121.514135 -0.112647 -0.250730 0.181765 -0.047512 -0.027816 -0.019014 0.998302
1305031121.547040 -0.111286 -0.261645 0.188850 -0.049709 -0.027158 -0.019288 0.998208
1305031121.583209 -0.109911 -0.268611 0.192297 -0.048281 -0.026067 -0.020409 0.998285
1305031121.614709 -0.108321 -0.273086 0.194665 -0.047084 -0.022587 -0.023122 0.998368
1305031121.647074 -0.111604 -0.278994 0.199617 -0.049059 -0.018415 -0.024677 0.998321
1305031121.683206 -0.112578 -0.285973 0.203236 -0.049581 -0.017782 -0.023257 0.998341
1305031121.714524 -0.112511 -0.290071 0.205939 -0.051010 -0.017604 -0.022970 0.998279
1305031121.746814 -0.111753 -0.297227 0.210435 -0.053071 -0.017336 -0.020575 0.998228
1305031121.782853 -0.108878 -0.300200 0.213585 -0.053842 -0.016837 -0.018380 0.998238
1305031121.811543 -0.111979 -0.302599 0.214465 -0.055386 -0.013866 -0.015657 0.998246
1305031121.847103 -0.113465 -0.304896 0.215893 -0.057520 -0.012886 -0.009754 0.998214
1305031121.882092 -0.112527 -0.306045 0.217518 -0.059449 -0.015081 -0.007536 0.998089
1305031121.914937 -0.108582 -0.305927 0.219165 -0.059436 -0.018325 -0.007390 0.998037
1305031121.947303 -0.107253 -0.300806 0.217663 -0.058729 -0.018184 -0.007776 0.998078
1305031121.982930 -0.108327 -0.299312 0.216908 -0.059856 -0.018075 -0.009956 0.997994
1305031122.014340 -0.108124 -0.294171 0.213992 -0.058738 -0.019714 -0.013611 0.997986
1305031122.047107 -0.106824 -0.288891 0.211157 -0.058392 -0.020729 -0.017265 0.997929
1305031122.082964 -0.108200 -0.280072 0.205335 -0.056991 -0.020490 -0.021259 0.997938
1305031122.114680 -0.106922 -0.273997 0.202269 -0.058443 -0.021410 -0.026661 0.997705
1305031122.150736 -0.107373 -0.265694 0.195905 -0.057172 -0.020322 -0.032103 0.997641
1305031122.183047 -0.112636 -0.255473 0.187277 -0.060572 -0.017300 -0.039096 0.997248
1305031122.214964 -0.111895 -0.253671 0.186535 -0.068290 -0.017160 -0.041165 0.996668
1305031122.251337 -0.115339 -0.242624 0.179113 -0.068815 -0.017182 -0.044450 0.996491
1305031122.283713 -0.117301 -0.235071 0.172769 -0.076629 -0.019268 -0.050510 0.995593
1305031122.314299 -0.117517 -0.228883 0.168862 -0.084087 -0.021584 -0.052846 0.994822
1305031122.351339 -0.120245 -0.220432 0.162161 -0.089694 -0.022806 -0.054068 0.994239
1305031122.382654 -0.120862 -0.216906 0.158244 -0.095708 -0.027067 -0.053675 0.993593
1305031122.415003 -0.120150 -0.208067 0.150413 -0.098035 -0.031843 -0.052732 0.993275
1305031122.451264 -0.119280 -0.200503 0.144983 -0.101955 -0.036972 -0.052176 0.992732
1305031122.483374 -0.116359 -0.193730 0.138685 -0.104254 -0.041873 -0.053762 0.992213
1305031122.515116 -0.112770 -0.184764 0.133932 -0.106100 -0.043993 -0.055758 0.991816
1305031122.551500 -0.113992 -0.176920 0.127273 -0.107936 -0.042194 -0.057973 0.991569
1305031122.583212 -0.117958 -0.171575 0.120220 -0.109754 -0.041003 -0.057490 0.991447
1305031122.614998 -0.117007 -0.162850 0.112258 -0.108708 -0.043027 -0.056790 0.991517
1305031122.648799 -0.117083 -0.153544 0.104976 -0.108316 -0.043943 -0.055813 0.991575
1305031122.683411 -0.118698 -0.145420 0.098443 -0.108729 -0.045770 -0.053182 0.991592
1305031122.715214 -0.114147 -0.133554 0.093259 -0.108011 -0.049794 -0.053115 0.991480
1305031122.751303 -0.114236 -0.121727 0.087676 -0.110801 -0.049660 -0.054612 0.991098
1305031122.783431 -0.112132 -0.115701 0.087813 -0.116861 -0.049475 -0.055707 0.990350
1305031122.812560 -0.110045 -0.107768 0.086547 -0.119090 -0.046106 -0.058971 0.990058
1305031122.851452 -0.112054 -0.098756 0.080380 -0.121912 -0.038811 -0.058791 0.990038
1305031122.883765 -0.114848 -0.093714 0.076735 -0.125852 -0.035310 -0.057940 0.989726
1305031122.914578 -0.115373 -0.087921 0.072970 -0.127333 -0.034232 -0.057330 0.989610
1305031122.951377 -0.117984 -0.077583 0.066751 -0.128015 -0.032739 -0.054067 0.989756
1305031122.982908 -0.116762 -0.073299 0.064625 -0.131314 -0.033911 -0.051355 0.989429
1305031123.015456 -0.114939 -0.067771 0.062335 -0.131220 -0.033933 -0.049861 0.989517
1305031123.051832 -0.115185 -0.054544 0.056508 -0.128771 -0.032499 -0.047529 0.990001
1305031123.082983 -0.114792 -0.042372 0.053243 -0.130373 -0.030955 -0.045195 0.989951
1305031123.113906 -0.116007 -0.035979 0.050637 -0.133781 -0.029491 -0.045472 0.989528
1305031123.150831 -0.111826 -0.024175 0.050423 -0.135194 -0.028998 -0.044738 0.989384
1305031123.182166 -0.111617 -0.014739 0.048685 -0.139253 -0.023930 -0.045834 0.988906
1305031123.214714 -0.110410 -0.002633 0.046463 -0.144104 -0.020343 -0.045961 0.988285
1305031123.250629 -0.109490 0.003869 0.047142 -0.153751 -0.016804 -0.044265 0.986975
1305031123.282355 -0.109219 0.007570 0.047520 -0.161337 -0.012343 -0.043536 0.985861
1305031123.316159 -0.108917 0.013511 0.047783 -0.167403 -0.007773 -0.044044 0.984874
1305031123.350487 -0.108033 0.017990 0.048148 -0.173990 -0.002590 -0.041315 0.983877
1305031123.382259 -0.107926 0.022435 0.048012 -0.178190 0.002663 -0.041796 0.983104
1305031123.416353 -0.108144 0.030187 0.043780 -0.180177 0.005964 -0.040356 0.982788
1305031123.451261 -0.105302 0.035835 0.043774 -0.185553 0.007407 -0.035789 0.981954
1305031123.483599 -0.103696 0.039757 0.041572 -0.189963 0.009214 -0.032767 0.981201
1305031123.515543 -0.102375 0.047395 0.038351 -0.191189 0.009319 -0.030358 0.981039
1305031123.551543 -0.098509 0.055871 0.037090 -0.192712 0.008800 -0.027150 0.980840
1305031123.579599 -0.096640 0.065900 0.033892 -0.192048 0.010187 -0.025804 0.980993
1305031123.615861 -0.093645 0.075164 0.033393 -0.194738 0.011596 -0.026508 0.980428
1305031123.652421 -0.092603 0.082222 0.032989 -0.198009 0.015412 -0.026341 0.979725
1305031123.683769 -0.091433 0.085801 0.031030 -0.203368 0.019348 -0.025154 0.978588
1305031123.715649 -0.090582 0.083390 0.029782 -0.210052 0.021624 -0.022327 0.977196
1305031123.751852 -0.090334 0.084657 0.028146 -0.212265 0.021527 -0.020441 0.976761
1305031123.783998 -0.088969 0.085996 0.027840 -0.213340 0.020837 -0.019345 0.976564
1305031123.815652 -0.089001 0.084081 0.027233 -0.215611 0.021135 -0.016966 0.976103
1305031123.851498 -0.088036 0.077200 0.029462 -0.218477 0.019063 -0.016097 0.975523
1305031123.883802 -0.087263 0.077610 0.029047 -0.214013 0.016952 -0.016834 0.976539
1305031123.913518 -0.089610 0.079779 0.027324 -0.211976 0.017986 -0.015569 0.976985
1305031123.951486 -0.087029 0.065221 0.034898 -0.219445 0.014017 -0.012689 0.975442
1305031123.983418 -0.086225 0.061644 0.037702 -0.213107 0.009084 -0.013205 0.976897
1305031124.015520 -0.087759 0.059421 0.038856 -0.207621 0.006509 -0.012805 0.978104
1305031124.051518 -0.087295 0.050135 0.044873 -0.208703 0.003079 -0.011668 0.977905
1305031124.083869 -0.087588 0.037676 0.051948 -0.205745 -0.000414 -0.012365 0.978527
1305031124.115500 -0.089271 0.032975 0.053052 -0.198898 -0.001457 -0.015986 0.979889
1305031124.147452 -0.089961 0.024152 0.059952 -0.199028 -0.002970 -0.016441 0.979851
1305031124.182701 -0.091528 0.017304 0.063132 -0.191934 -0.003989 -0.018554 0.981224
1305031124.214288 -0.092997 0.012122 0.063200 -0.185398 -0.004882 -0.018500 0.982477
1305031124.249333 -0.093150 0.004512 0.066749 -0.185199 -0.009454 -0.017644 0.982497
1305031124.282550 -0.090825 -0.002106 0.073502 -0.180576 -0.014908 -0.016688 0.983307
1305031124.314072 -0.090909 -0.005175 0.073814 -0.172759 -0.018550 -0.017459 0.984635
1305031124.350362 -0.091259 -0.013700 0.078033 -0.168626 -0.021170 -0.018910 0.985271
1305031124.382426 -0.091543 -0.024051 0.081060 -0.163615 -0.022907 -0.019568 0.986064
1305031124.414997 -0.092173 -0.032563 0.082626 -0.155842 -0.024416 -0.021855 0.987238
1305031124.450251 -0.092462 -0.043200 0.085575 -0.149579 -0.026255 -0.023823 0.988114
1305031124.480113 -0.093833 -0.050369 0.086178 -0.141763 -0.028044 -0.026108 0.989159
1305031124.514030 -0.095017 -0.059867 0.089203 -0.137406 -0.029979 -0.028433 0.989653
1305031124.550470 -0.096262 -0.071993 0.093420 -0.134250 -0.032689 -0.030812 0.989929
1305031124.582005 -0.096345 -0.082946 0.097797 -0.129531 -0.035685 -0.032383 0.990404
1305031124.614505 -0.096961 -0.092057 0.101457 -0.125126 -0.038350 -0.034120 0.990812
1305031124.651292 -0.096156 -0.104454 0.107887 -0.121698 -0.041091 -0.036176 0.991056
1305031124.682417 -0.096008 -0.112664 0.111789 -0.116409 -0.041815 -0.038172 0.991586
1305031124.713521 -0.097199 -0.125724 0.118065 -0.115174 -0.042042 -0.039403 0.991673
1305031124.749916 -0.098190 -0.138893 0.124151 -0.112840 -0.043517 -0.040157 0.991847
1305031124.782271 -0.098195 -0.147361 0.129486 -0.110060 -0.044823 -0.040326 0.992095
1305031124.814001 -0.099287 -0.160477 0.137385 -0.110739 -0.046161 -0.040643 0.991945
1305031124.850547 -0.094558 -0.173210 0.148575 -0.109311 -0.048545 -0.041015 0.991974
1305031124.881474 -0.096300 -0.179908 0.153489 -0.106876 -0.045530 -0.041733 0.992352
1305031124.915109 -0.097219 -0.189214 0.163096 -0.109582 -0.044146 -0.040910 0.992154
1305031124.950739 -0.098074 -0.207161 0.171894 -0.110353 -0.043226 -0.038480 0.992206
1305031124.982949 -0.102631 -0.216304 0.175432 -0.105569 -0.044319 -0.037504 0.992716
1305031125.015460 -0.097687 -0.217429 0.182248 -0.101351 -0.048486 -0.036216 0.993008
1305031125.050780 -0.098885 -0.228641 0.188959 -0.102783 -0.046874 -0.033234 0.993043
1305031125.081422 -0.100496 -0.239692 0.195461 -0.102345 -0.047683 -0.031581 0.993103
1305031125.115196 -0.097307 -0.246274 0.202218 -0.098044 -0.049862 -0.033412 0.993370
1305031125.151025 -0.100524 -0.246383 0.204104 -0.096204 -0.046121 -0.032981 0.993745
1305031125.183208 -0.102684 -0.257566 0.212350 -0.100118 -0.044546 -0.032427 0.993449
1305031125.215169 -0.104895 -0.269618 0.217721 -0.098853 -0.044497 -0.034781 0.993498
1305031125.250637 -0.105922 -0.270632 0.219147 -0.094161 -0.044458 -0.035725 0.993922
1305031125.282932 -0.106122 -0.281473 0.226177 -0.095075 -0.043031 -0.035133 0.993919
1305031125.315316 -0.108429 -0.285123 0.228055 -0.090377 -0.041988 -0.038568 0.994274
1305031125.348889 -0.104670 -0.287594 0.234707 -0.089861 -0.041701 -0.042126 0.994189
1305031125.383096 -0.104549 -0.292163 0.238103 -0.089647 -0.035543 -0.043356 0.994394
1305031125.415454 -0.106386 -0.294529 0.245792 -0.091723 -0.030515 -0.045653 0.994269
1305031125.451213 -0.105221 -0.302996 0.251049 -0.091833 -0.027580 -0.047157 0.994275
1305031125.483212 -0.106754 -0.301924 0.251045 -0.090100 -0.023483 -0.048346 0.994481
1305031125.515335 -0.106176 -0.304121 0.252571 -0.090752 -0.020825 -0.050393 0.994380
1305031125.551035 -0.106126 -0.306100 0.254661 -0.092239 -0.017495 -0.052891 0.994177
1305031125.582305 -0.108213 -0.311099 0.256482 -0.092145 -0.013906 -0.053310 0.994220
1305031125.614702 -0.113735 -0.314363 0.254080 -0.088229 -0.012296 -0.050446 0.994746
1305031125.650465 -0.116812 -0.304821 0.246167 -0.082091 -0.015679 -0.049592 0.995267
1305031125.681965 -0.116051 -0.308877 0.245054 -0.082609 -0.020994 -0.047178 0.995243
1305031125.713556 -0.109705 -0.297799 0.236255 -0.076426 -0.025002 -0.044232 0.995780
1305031125.751276 -0.107730 -0.292259 0.232433 -0.076985 -0.026634 -0.047061 0.995565
1305031125.783076 -0.106059 -0.284354 0.226377 -0.076608 -0.026180 -0.048214 0.995551
1305031125.815511 -0.106233 -0.280685 0.223452 -0.080109 -0.024678 -0.049885 0.995231
1305031125.851093 -0.108929 -0.273826 0.217586 -0.080540 -0.024524 -0.050420 0.995173
1305031125.882982 -0.111829 -0.265144 0.211327 -0.084496 -0.026545 -0.049581 0.994835
1305031125.915319 -0.114921 -0.261963 0.208030 -0.089065 -0.031848 -0.046437 0.994433
1305031125.951298 -0.109733 -0.255739 0.199295 -0.090630 -0.040321 -0.042883 0.994144
1305031125.983209 -0.101253 -0.247960 0.196294 -0.094029 -0.048297 -0.042549 0.993487
1305031126.015452 -0.096375 -0.238590 0.192774 -0.097507 -0.050696 -0.043552 0.992988
1305031126.051181 -0.096445 -0.230261 0.188802 -0.102956 -0.048536 -0.044118 0.992521
1305031126.083216 -0.094902 -0.223369 0.186572 -0.108001 -0.047993 -0.045372 0.991955
1305031126.115411 -0.096606 -0.211087 0.179211 -0.110423 -0.045336 -0.045308 0.991816
1305031126.151216 -0.097335 -0.201055 0.174806 -0.117919 -0.044638 -0.045344 0.990983
1305031126.183279 -0.095163 -0.193119 0.172770 -0.123118 -0.045317 -0.045851 0.990296
1305031126.215396 -0.095250 -0.180993 0.166979 -0.125928 -0.043280 -0.047235 0.989969
1305031126.251267 -0.094235 -0.170450 0.164224 -0.130517 -0.041421 -0.048888 0.989373
1305031126.283234 -0.093538 -0.158339 0.160598 -0.134888 -0.038026 -0.051488 0.988791
1305031126.315559 -0.093986 -0.150148 0.157692 -0.140322 -0.033683 -0.053279 0.988097
1305031126.351389 -0.094618 -0.140865 0.152971 -0.144158 -0.030322 -0.054521 0.987586
1305031126.383453 -0.094747 -0.132334 0.148929 -0.149445 -0.028398 -0.056244 0.986761
1305031126.415629 -0.093566 -0.128305 0.146381 -0.155958 -0.026991 -0.054593 0.985884
1305031126.451370 -0.094771 -0.119684 0.140245 -0.158110 -0.026079 -0.052026 0.985705
1305031126.484960 -0.094135 -0.104824 0.134768 -0.159357 -0.027320 -0.050047 0.985573
1305031126.516865 -0.090982 -0.094931 0.131671 -0.164780 -0.028028 -0.049892 0.984669
1305031126.552792 -0.089274 -0.087328 0.129290 -0.169351 -0.025687 -0.048163 0.984043
1305031126.584815 -0.089053 -0.080612 0.126107 -0.174983 -0.023184 -0.046951 0.983178
1305031126.615108 -0.087005 -0.078128 0.125731 -0.180388 -0.021439 -0.045382 0.982314
1305031126.650925 -0.086621 -0.072691 0.121320 -0.182004 -0.018318 -0.041429 0.982254
1305031126.684751 -0.084395 -0.065451 0.118110 -0.183946 -0.016865 -0.038504 0.982037
1305031126.713676 -0.082916 -0.065502 0.116889 -0.186290 -0.015129 -0.036011 0.981718
1305031126.751345 -0.081877 -0.059097 0.111888 -0.184823 -0.013735 -0.032999 0.982122
1305031126.783472 -0.077366 -0.054908 0.111414 -0.184782 -0.013117 -0.032448 0.982156
1305031126.815765 -0.076939 -0.052365 0.107954 -0.184969 -0.009020 -0.032835 0.982154
1305031126.852860 -0.076564 -0.050426 0.105141 -0.185541 -0.006853 -0.032594 0.982072
1305031126.883756 -0.074956 -0.049824 0.104136 -0.185965 -0.005255 -0.033504 0.981971
1305031126.915387 -0.076774 -0.049944 0.100708 -0.186859 -0.002885 -0.032329 0.981850
1305031126.951469 -0.076110 -0.052087 0.101146 -0.188357 -0.003956 -0.030663 0.981614
1305031126.983326 -0.075311 -0.052303 0.100852 -0.186891 -0.005192 -0.030309 0.981899
1305031127.015448 -0.074950 -0.050938 0.099226 -0.185334 -0.005446 -0.029342 0.982222
1305031127.050308 -0.075531 -0.052530 0.099768 -0.186299 -0.005667 -0.029017 0.982048
1305031127.083974 -0.077944 -0.055595 0.100356 -0.186917 -0.006810 -0.027888 0.981956
1305031127.116199 -0.078182 -0.057691 0.101872 -0.186046 -0.010290 -0.026357 0.982133
1305031127.152499 -0.078058 -0.057364 0.101415 -0.183238 -0.013419 -0.026967 0.982607
1305031127.183424 -0.076482 -0.057893 0.104508 -0.182413 -0.015765 -0.026715 0.982733
1305031127.216765 -0.076386 -0.061749 0.107266 -0.181226 -0.016303 -0.027312 0.982927
1305031127.253568 -0.078329 -0.061748 0.105831 -0.177962 -0.015836 -0.028939 0.983484
1305031127.283252 -0.079517 -0.064242 0.108596 -0.178631 -0.016570 -0.029399 0.983337
1305031127.315915 -0.079478 -0.070368 0.112975 -0.178366 -0.018669 -0.029327 0.983350
1305031127.350381 -0.080732 -0.068615 0.112261 -0.174128 -0.019469 -0.030188 0.984068
1305031127.381487 -0.081454 -0.069968 0.114068 -0.173929 -0.020535 -0.030794 0.984062
1305031127.415511 -0.081684 -0.075376 0.118420 -0.174603 -0.022104 -0.030631 0.983914
1305031127.450789 -0.083161 -0.073175 0.117116 -0.171214 -0.022733 -0.031953 0.984453
1305031127.483281 -0.083985 -0.073806 0.119304 -0.172264 -0.023803 -0.032960 0.984211
1305031127.516628 -0.083369 -0.078561 0.123646 -0.173451 -0.025329 -0.032645 0.983975
1305031127.550537 -0.084159 -0.077835 0.123108 -0.170997 -0.025562 -0.033165 0.984381
1305031127.582989 -0.084518 -0.076641 0.123332 -0.170766 -0.025961 -0.033446 0.984401
1305031127.615964 -0.084046 -0.080011 0.126918 -0.172707 -0.026461 -0.031790 0.984104
1305031127.651007 -0.084477 -0.081485 0.127152 -0.171327 -0.026763 -0.031037 0.984361
1305031127.683204 -0.085207 -0.079208 0.125304 -0.169710 -0.027198 -0.031786 0.984606
1305031127.717293 -0.084360 -0.081625 0.128228 -0.171697 -0.028167 -0.031327 0.984249
1305031127.750999 -0.084894 -0.084748 0.129421 -0.171490 -0.028264 -0.031031 0.984291
1305031127.783494 -0.086008 -0.083070 0.127083 -0.169065 -0.028267 -0.032444 0.984665
1305031127.815979 -0.086411 -0.083771 0.127629 -0.169481 -0.028371 -0.033231 0.984564
1305031127.851249 -0.087605 -0.085323 0.128142 -0.169911 -0.028357 -0.033604 0.984478
1305031127.883251 -0.088604 -0.085118 0.127816 -0.169369 -0.029022 -0.034120 0.984534
1305031127.917018 -0.089199 -0.083363 0.127639 -0.169360 -0.029536 -0.033973 0.984526
1305031127.951227 -0.088544 -0.084370 0.130557 -0.171482 -0.030717 -0.033692 0.984132
1305031127.983232 -0.087073 -0.083595 0.132605 -0.172302 -0.031397 -0.033953 0.983958
1305031128.016602 -0.086121 -0.085465 0.137094 -0.175404 -0.030715 -0.032599 0.983477
1305031128.051543 -0.086550 -0.088718 0.139403 -0.176296 -0.030169 -0.031673 0.983365
1305031128.083270 -0.086471 -0.088874 0.140045 -0.175434 -0.030333 -0.031023 0.983535
1305031128.118069 -0.085664 -0.088841 0.141768 -0.176061 -0.030528 -0.029238 0.983471
1305031128.152600 -0.084383 -0.092740 0.145577 -0.176628 -0.031054 -0.027730 0.983397
1305031128.183285 -0.085493 -0.091619 0.142996 -0.173865 -0.030404 -0.027870 0.983905
1305031128.218444 -0.085707 -0.090818 0.142713 -0.173879 -0.030693 -0.027526 0.983904
1305031128.251743 -0.084751 -0.093799 0.145974 -0.175150 -0.031665 -0.027128 0.983658
1305031128.285306 -0.085472 -0.092637 0.144087 -0.173155 -0.031400 -0.027998 0.983996
1305031128.317827 -0.086498 -0.092530 0.143392 -0.173074 -0.031195 -0.028943 0.983989
1305031128.351315 -0.086706 -0.093915 0.144741 -0.173816 -0.031888 -0.030322 0.983795
1305031128.385401 -0.087172 -0.094528 0.144487 -0.173152 -0.031926 -0.031564 0.983871
1305031128.417473 -0.088325 -0.094569 0.143543 -0.172611 -0.031673 -0.032894 0.983931
1305031128.451397 -0.088488 -0.095565 0.144347 -0.173140 -0.032135 -0.033889 0.983789
1305031128.484409 -0.088316 -0.096279 0.144501 -0.172822 -0.032161 -0.034574 0.983820
1305031128.517519 -0.088103 -0.096680 0.144936 -0.172929 -0.031841 -0.035080 0.983794
1305031128.551519 -0.088532 -0.099309 0.145837 -0.173191 -0.031214 -0.035385 0.983757
1305031128.585457 -0.090238 -0.100138 0.143998 -0.171898 -0.030584 -0.035353 0.984005
1305031128.617382 -0.091431 -0.100274 0.142625 -0.171340 -0.031366 -0.035154 0.984085
1305031128.651453 -0.090372 -0.101332 0.143921 -0.171391 -0.033398 -0.035137 0.984010
1305031128.684865 -0.089097 -0.100976 0.144046 -0.169989 -0.034059 -0.035974 0.984200
1305031128.717216 -0.089405 -0.100566 0.142903 -0.168872 -0.033044 -0.037362 0.984375
