0 0.000000 0.000000 0.000000 0.000000 0.000000 0.000000 1.000000
1 -0.009802 0.313565 0.000000 0.000000 0.000000 0.031322 1.001407
2 -0.039182 0.626225 0.000000 0.000000 0.000000 0.062811 1.001828
3 -0.088063 0.936744 0.000000 0.000000 0.000000 0.094437 1.001254
4 -0.156290 1.243895 0.000000 0.000000 0.000000 0.126170 0.999678
5 -0.243633 1.546458 0.000000 0.000000 0.000000 0.157980 0.997094
6 -0.349781 1.843232 0.000000 0.000000 0.000000 0.189837 0.993497
7 -0.474350 2.133036 0.000000 0.000000 0.000000 0.221712 0.988883
8 -0.616879 2.414716 0.000000 0.000000 0.000000 0.253577 0.983249
9 -0.776837 2.687144 0.000000 0.000000 0.000000 0.285402 0.976591
10 -0.953621 2.949232 0.000000 0.000000 0.000000 0.317159 0.968908
11 -1.146559 3.199929 0.000000 0.000000 0.000000 0.348823 0.960200
12 -1.354914 3.438227 0.000000 0.000000 0.000000 0.380366 0.950466
13 -1.577885 3.663168 0.000000 0.000000 0.000000 0.411764 0.939707
14 -1.814613 3.873844 0.000000 0.000000 0.000000 0.442992 0.927925
15 -2.064179 4.069403 0.000000 0.000000 0.000000 0.474029 0.915121
16 -2.325615 4.249053 0.000000 0.000000 0.000000 0.504852 0.901299
17 -2.597902 4.412064 0.000000 0.000000 0.000000 0.535445 0.886461
18 -2.879975 4.557770 0.000000 0.000000 0.000000 0.565790 0.870613
19 -3.170730 4.685577 0.000000 0.000000 0.000000 0.595876 0.853757
20 -3.469024 4.794958 0.000000 0.000000 0.000000 0.625692 0.835898
21 -3.773687 4.885460 0.000000 0.000000 0.000000 0.655234 0.817041
22 -4.083515 4.956707 0.000000 0.000000 0.000000 0.684505 0.797189
23 -4.397288 5.008398 0.000000 0.000000 0.000000 0.713511 0.776348
24 -4.713764 5.040309 0.000000 0.000000 0.000000 0.742271 0.754520
25 -5.031691 5.052298 0.000000 0.000000 0.000000 0.770812 0.731709
26 -5.349809 5.044299 0.000000 0.000000 0.000000 0.799179 0.707914
27 -5.666855 5.016329 0.000000 0.000000 0.000000 0.827433 0.683135
28 -5.981569 4.968485 0.000000 0.000000 0.000000 0.855663 0.657368
29 -6.292700 4.900941 0.000000 0.000000 0.000000 0.883989 0.630606
30 -6.599008 4.813953 0.000000 0.000000 0.000000 0.912580 0.602834
31 -6.899273 4.707855 0.000000 0.000000 0.000000 0.941668 0.574034
32 -7.192297 4.583057 0.000000 0.000000 0.000000 0.971580 0.544175
33 -7.476909 4.440044 0.000000 0.000000 0.000000 1.002778 0.513212
34 -7.751972 4.279377 0.000000 0.000000 0.000000 0.925706 0.538365
35 -8.016386 4.101686 0.000000 0.000000 0.000000 0.943791 0.508527
36 -8.269092 3.907671 0.000000 0.000000 0.000000 0.960988 0.478066
37 -8.509079 3.698097 0.000000 0.000000 0.000000 0.977275 0.447002
38 -8.735384 3.473794 0.000000 0.000000 0.000000 0.992630 0.415360
39 -8.947098 3.235650 0.000000 0.000000 0.000000 1.007033 0.383164
40 -9.143373 2.984611 0.000000 0.000000 0.000000 1.020463 0.350438
41 -9.323420 2.721673 0.000000 0.000000 0.000000 1.032900 0.317208
42 -9.486515 2.447882 0.000000 0.000000 0.000000 1.044326 0.283500
43 -9.632001 2.164328 0.000000 0.000000 0.000000 1.054724 0.249341
44 -9.759294 1.872142 0.000000 0.000000 0.000000 1.064074 0.214759
45 -9.867880 1.572487 0.000000 0.000000 0.000000 1.072363 0.179780
46 -9.957322 1.266560 0.000000 0.000000 0.000000 1.079574 0.144434
47 -10.027257 0.955582 0.000000 0.000000 0.000000 1.085693 0.108749
48 -10.077405 0.640795 0.000000 0.000000 0.000000 1.090706 0.072753
49 -10.107560 0.323456 0.000000 0.000000 0.000000 1.094601 0.036475
50 -10.117601 0.004834 0.000000 0.000000 0.000000 1.097366 -0.000055
51 -10.107484 -0.313798 0.000000 0.000000 0.000000 1.098989 -0.036809
52 -10.077250 -0.631166 0.000000 0.000000 0.000000 1.099461 -0.073758
53 -10.027017 -0.946000 0.000000 0.000000 0.000000 1.098773 -0.110873
54 -9.956986 -1.257043 0.000000 0.000000 0.000000 1.096916 -0.148127
55 -9.867438 -1.563050 0.000000 0.000000 0.000000 1.093883 -0.185491
56 -9.758731 -1.862798 0.000000 0.000000 0.000000 1.089667 -0.222938
57 -9.631300 -2.155089 0.000000 0.000000 0.000000 1.084263 -0.260443
58 -9.485657 -2.438756 0.000000 0.000000 0.000000 1.077664 -0.297980
59 -9.322386 -2.712665 0.000000 0.000000 0.000000 1.069868 -0.335525
60 -9.142142 -2.975724 0.000000 0.000000 0.000000 1.060870 -0.373055
61 -8.945649 -3.226884 0.000000 0.000000 0.000000 1.050667 -0.410552
62 -8.733694 -3.465143 0.000000 0.000000 0.000000 1.039256 -0.447996
63 -8.507130 -3.689554 0.000000 0.000000 0.000000 1.026637 -0.485372
64 -8.266863 -3.899224 0.000000 0.000000 0.000000 1.012806 -0.522668
65 -8.013859 -4.093321 0.000000 0.000000 0.000000 0.997764 -0.559877
66 -7.749132 -4.271076 0.000000 0.000000 0.000000 0.981507 -0.596995
67 -7.473744 -4.431787 0.000000 0.000000 0.000000 -1.185015 0.515793
68 -7.188797 -4.574820 0.000000 0.000000 0.000000 -1.147633 0.552709
69 -6.895433 -4.699614 0.000000 0.000000 0.000000 -1.112858 0.588658
70 -6.594827 -4.805682 0.000000 0.000000 0.000000 -1.079814 0.623695
71 -6.288181 -4.892612 0.000000 0.000000 0.000000 -1.047884 0.657854
72 -5.976720 -4.960072 0.000000 0.000000 0.000000 -1.016625 0.691152
73 -5.661689 -5.007805 0.000000 0.000000 0.000000 -0.985713 0.723598
74 -5.344345 -5.035637 0.000000 0.000000 0.000000 -0.954906 0.755192
75 -5.025953 -5.043475 0.000000 0.000000 0.000000 -0.924024 0.785928
76 -4.707780 -5.031305 0.000000 0.000000 0.000000 -0.892928 0.815795
77 -4.391093 -4.999195 0.000000 0.000000 0.000000 -0.861515 0.844780
78 -4.077148 -4.947294 0.000000 0.000000 0.000000 -0.829706 0.872866
79 -3.767192 -4.875829 0.000000 0.000000 0.000000 -0.797442 0.900036
80 -3.462450 -4.785107 0.000000 0.000000 0.000000 -0.764678 0.926269
81 -3.164126 -4.675514 0.000000 0.000000 0.000000 -0.731384 0.951546
82 -2.873398 -4.547508 0.000000 0.000000 0.000000 -0.697538 0.975845
83 -2.591407 -4.401625 0.000000 0.000000 0.000000 -0.663127 0.999144
84 -2.319261 -4.238471 0.000000 0.000000 0.000000 -0.628144 1.021422
85 -2.058024 -4.058718 0.000000 0.000000 0.000000 -0.592587 1.042657
86 -1.808713 -3.863109 0.000000 0.000000 0.000000 -0.556462 1.062826
87 -1.572297 -3.652447 0.000000 0.000000 0.000000 -0.519775 1.081909
88 -1.349689 -3.427594 0.000000 0.000000 0.000000 -0.482537 1.099884
89 -1.141745 -3.189469 0.000000 0.000000 0.000000 -0.444763 1.116730
90 -0.949258 -2.939043 0.000000 0.000000 0.000000 -0.406469 1.132427
91 -0.772960 -2.677334 0.000000 0.000000 0.000000 -0.367673 1.146955
92 -0.613512 -2.405405 0.000000 0.000000 0.000000 -0.328397 1.160295
93 -0.471506 -2.124355 0.000000 0.000000 0.000000 -0.288661 1.172428
94 -0.347463 -1.835321 0.000000 0.000000 0.000000 -0.248489 1.183336
95 -0.241829 -1.539468 0.000000 0.000000 0.000000 -0.207907 1.193003
96 -0.154973 -1.237984 0.000000 0.000000 0.000000 -0.166939 1.201411
97 -0.087188 -0.932080 0.000000 0.000000 0.000000 -0.125612 1.208546
98 -0.038687 -0.622979 0.000000 0.000000 0.000000 -0.083952 1.214392
99 -0.009606 -0.311916 0.000000 0.000000 0.000000 -0.041988 1.218937
100 0.000001 -0.000127 0.000000 0.000000 0.000000 0.000254 1.222166
