111
0 1 0.0295601355689687 -0 -0.312713570174954 -0 -0.0314107590781283 -0 0.999506560365732 1
1 2 0.0295601355689687 -0 -0.312713570174954 -0 -0.0314107590781283 -0 0.999506560365732 1
2 3 0.0295601355689687 -0 -0.312713570174954 -0 -0.0314107590781283 -0 0.999506560365732 1
3 4 0.0295601355689687 -0 -0.312713570174954 -0 -0.0314107590781283 -0 0.999506560365732 1
4 5 0.0295601355689687 -0 -0.312713570174954 -0 -0.0314107590781283 -0 0.999506560365732 1
5 6 0.0295601355689687 -0 -0.312713570174954 -0 -0.0314107590781283 -0 0.999506560365732 1
6 7 0.0295601355689687 -0 -0.312713570174954 -0 -0.0314107590781283 -0 0.999506560365732 1
7 8 0.0295601355689687 -0 -0.312713570174954 -0 -0.0314107590781283 -0 0.999506560365732 1
8 9 0.0295601355689687 -0 -0.312713570174954 -0 -0.0314107590781283 -0 0.999506560365732 1
9 10 0.0295601355689687 -0 -0.312713570174954 -0 -0.0314107590781283 -0 0.999506560365732 1
10 11 0.0295601355689687 -0 -0.312713570174954 -0 -0.0314107590781283 -0 0.999506560365732 1
11 12 0.0295601355689687 -0 -0.312713570174954 -0 -0.0314107590781283 -0 0.999506560365732 1
12 13 0.0295601355689687 -0 -0.312713570174954 -0 -0.0314107590781283 -0 0.999506560365732 1
13 14 0.0295601355689687 -0 -0.312713570174954 -0 -0.0314107590781283 -0 0.999506560365732 1
14 15 0.0295601355689687 -0 -0.312713570174954 -0 -0.0314107590781283 -0 0.999506560365732 1
15 16 0.0295601355689687 -0 -0.312713570174954 -0 -0.0314107590781283 -0 0.999506560365732 1
16 17 0.0295601355689687 -0 -0.312713570174954 -0 -0.0314107590781283 -0 0.999506560365732 1
17 18 0.0295601355689687 -0 -0.312713570174954 -0 -0.0314107590781283 -0 0.999506560365732 1
18 19 0.0295601355689687 -0 -0.312713570174954 -0 -0.0314107590781283 -0 0.999506560365732 1
19 20 0.0295601355689687 -0 -0.312713570174954 -0 -0.0314107590781283 -0 0.999506560365732 1
20 21 0.0295601355689687 -0 -0.312713570174954 -0 -0.0314107590781283 -0 0.999506560365732 1
21 22 0.0295601355689687 -0 -0.312713570174954 -0 -0.0314107590781283 -0 0.999506560365732 1
22 23 0.0295601355689687 -0 -0.312713570174954 -0 -0.0314107590781283 -0 0.999506560365732 1
23 24 0.0295601355689687 -0 -0.312713570174954 -0 -0.0314107590781283 -0 0.999506560365732 1
24 25 0.0295601355689687 -0 -0.312713570174954 -0 -0.0314107590781283 -0 0.999506560365732 1
25 26 0.0147800677844843 -0 -0.156356785087477 -0 -0.0314107590781283 -0 0.999506560365732 -1
26 27 0.0147800677844843 -0 -0.156356785087477 -0 -0.0314107590781283 -0 0.999506560365732 1
27 28 0.0147800677844843 -0 -0.156356785087477 -0 -0.0314107590781283 -0 0.999506560365732 1
28 29 0.0147800677844843 -0 -0.156356785087477 -0 -0.0314107590781283 -0 0.999506560365732 1
29 30 0.0147800677844843 -0 -0.156356785087477 -0 -0.0314107590781283 -0 0.999506560365732 1
30 31 0.0147800677844843 -0 -0.156356785087477 -0 -0.0314107590781283 -0 0.999506560365732 1
31 32 0.0147800677844843 -0 -0.156356785087477 -0 -0.0314107590781283 -0 0.999506560365732 1
32 33 0.0147800677844843 -0 -0.156356785087477 -0 -0.0314107590781283 -0 0.999506560365732 1
33 34 0.0147800677844843 -0 -0.156356785087477 -0 -0.0314107590781283 -0 0.999506560365732 1
34 35 0.0147800677844843 -0 -0.156356785087477 -0 -0.0314107590781283 -0 0.999506560365732 1
35 36 0.0147800677844843 -0 -0.156356785087477 -0 -0.0314107590781283 -0 0.999506560365732 1
36 37 0.0147800677844843 -0 -0.156356785087477 -0 -0.0314107590781283 -0 0.999506560365732 1
37 38 0.0147800677844843 -0 -0.156356785087477 -0 -0.0314107590781283 -0 0.999506560365732 1
38 39 0.0147800677844843 -0 -0.156356785087477 -0 -0.0314107590781283 -0 0.999506560365732 1
39 40 0.0147800677844843 -0 -0.156356785087477 -0 -0.0314107590781283 -0 0.999506560365732 1
40 41 0.0147800677844843 -0 -0.156356785087477 -0 -0.0314107590781283 -0 0.999506560365732 1
41 42 0.0147800677844843 -0 -0.156356785087477 -0 -0.0314107590781283 -0 0.999506560365732 1
42 43 0.0147800677844843 -0 -0.156356785087477 -0 -0.0314107590781283 -0 0.999506560365732 1
43 44 0.0147800677844843 -0 -0.156356785087477 -0 -0.0314107590781283 -0 0.999506560365732 1
44 45 0.0147800677844843 -0 -0.156356785087477 -0 -0.0314107590781283 -0 0.999506560365732 1
45 46 0.0147800677844843 -0 -0.156356785087477 -0 -0.0314107590781283 -0 0.999506560365732 1
46 47 0.0147800677844843 -0 -0.156356785087477 -0 -0.0314107590781283 -0 0.999506560365732 1
47 48 0.0147800677844843 -0 -0.156356785087477 -0 -0.0314107590781283 -0 0.999506560365732 1
48 49 0.0147800677844843 -0 -0.156356785087477 -0 -0.0314107590781283 -0 0.999506560365732 1
49 50 0.0147800677844843 -0 -0.156356785087477 -0 -0.0314107590781283 -0 0.999506560365732 1
50 51 0.0591202711379373 -0 -0.625427140349909 -0 -0.0314107590781283 -0 0.999506560365732 -1
51 52 0.0591202711379373 -0 -0.625427140349909 -0 -0.0314107590781283 -0 0.999506560365732 1
52 53 0.0591202711379373 -0 -0.625427140349909 -0 -0.0314107590781283 -0 0.999506560365732 1
53 54 0.0591202711379373 -0 -0.625427140349909 -0 -0.0314107590781283 -0 0.999506560365732 1
54 55 0.0591202711379373 -0 -0.625427140349909 -0 -0.0314107590781283 -0 0.999506560365732 1
55 56 0.0591202711379373 -0 -0.625427140349909 -0 -0.0314107590781283 -0 0.999506560365732 1
56 57 0.0591202711379373 -0 -0.625427140349909 -0 -0.0314107590781283 -0 0.999506560365732 1
57 58 0.0591202711379373 -0 -0.625427140349909 -0 -0.0314107590781283 -0 0.999506560365732 1
58 59 0.0591202711379373 -0 -0.625427140349909 -0 -0.0314107590781283 -0 0.999506560365732 1
59 60 0.0591202711379373 -0 -0.625427140349909 -0 -0.0314107590781283 -0 0.999506560365732 1
60 61 0.0591202711379373 -0 -0.625427140349909 -0 -0.0314107590781283 -0 0.999506560365732 1
61 62 0.0591202711379373 -0 -0.625427140349909 -0 -0.0314107590781283 -0 0.999506560365732 1
62 63 0.0591202711379373 -0 -0.625427140349909 -0 -0.0314107590781283 -0 0.999506560365732 1
63 64 0.0591202711379373 -0 -0.625427140349909 -0 -0.0314107590781283 -0 0.999506560365732 1
64 65 0.0591202711379373 -0 -0.625427140349909 -0 -0.0314107590781283 -0 0.999506560365732 1
65 66 0.0591202711379373 -0 -0.625427140349909 -0 -0.0314107590781283 -0 0.999506560365732 1
66 67 0.0591202711379373 -0 -0.625427140349909 -0 -0.0314107590781283 -0 0.999506560365732 1
67 68 0.0591202711379373 -0 -0.625427140349909 -0 -0.0314107590781283 -0 0.999506560365732 1
68 69 0.0591202711379373 -0 -0.625427140349909 -0 -0.0314107590781283 -0 0.999506560365732 1
69 70 0.0591202711379373 -0 -0.625427140349909 -0 -0.0314107590781283 -0 0.999506560365732 1
70 71 0.0591202711379373 -0 -0.625427140349909 -0 -0.0314107590781283 -0 0.999506560365732 1
71 72 0.0591202711379373 -0 -0.625427140349909 -0 -0.0314107590781283 -0 0.999506560365732 1
72 73 0.0591202711379373 -0 -0.625427140349909 -0 -0.0314107590781283 -0 0.999506560365732 1
73 74 0.0591202711379373 -0 -0.625427140349909 -0 -0.0314107590781283 -0 0.999506560365732 1
74 75 0.0591202711379373 -0 -0.625427140349909 -0 -0.0314107590781283 -0 0.999506560365732 1
75 76 0.0236481084551749 -0 -0.250170856139964 -0 -0.0314107590781283 -0 0.999506560365732 -1
76 77 0.0236481084551749 -0 -0.250170856139964 -0 -0.0314107590781283 -0 0.999506560365732 1
77 78 0.0236481084551749 -0 -0.250170856139964 -0 -0.0314107590781283 -0 0.999506560365732 1
78 79 0.0236481084551749 -0 -0.250170856139964 -0 -0.0314107590781283 -0 0.999506560365732 1
79 80 0.0236481084551749 -0 -0.250170856139964 -0 -0.0314107590781283 -0 0.999506560365732 1
80 81 0.0236481084551749 -0 -0.250170856139964 -0 -0.0314107590781283 -0 0.999506560365732 1
81 82 0.0236481084551749 -0 -0.250170856139964 -0 -0.0314107590781283 -0 0.999506560365732 1
82 83 0.0236481084551749 -0 -0.250170856139964 -0 -0.0314107590781283 -0 0.999506560365732 1
83 84 0.0236481084551749 -0 -0.250170856139964 -0 -0.0314107590781283 -0 0.999506560365732 1
84 85 0.0236481084551749 -0 -0.250170856139964 -0 -0.0314107590781283 -0 0.999506560365732 1
85 86 0.0236481084551749 -0 -0.250170856139964 -0 -0.0314107590781283 -0 0.999506560365732 1
86 87 0.0236481084551749 -0 -0.250170856139964 -0 -0.0314107590781283 -0 0.999506560365732 1
87 88 0.0236481084551749 -0 -0.250170856139964 -0 -0.0314107590781283 -0 0.999506560365732 1
88 89 0.0236481084551749 -0 -0.250170856139964 -0 -0.0314107590781283 -0 0.999506560365732 1
89 90 0.0236481084551749 -0 -0.250170856139964 -0 -0.0314107590781283 -0 0.999506560365732 1
90 91 0.0236481084551749 -0 -0.250170856139964 -0 -0.0314107590781283 -0 0.999506560365732 1
91 92 0.0236481084551749 -0 -0.250170856139964 -0 -0.0314107590781283 -0 0.999506560365732 1
92 93 0.0236481084551749 -0 -0.250170856139964 -0 -0.0314107590781283 -0 0.999506560365732 1
93 94 0.0236481084551749 -0 -0.250170856139964 -0 -0.0314107590781283 -0 0.999506560365732 1
94 95 0.0236481084551749 -0 -0.250170856139964 -0 -0.0314107590781283 -0 0.999506560365732 1
95 96 0.0236481084551749 -0 -0.250170856139964 -0 -0.0314107590781283 -0 0.999506560365732 1
96 97 0.0236481084551749 -0 -0.250170856139964 -0 -0.0314107590781283 -0 0.999506560365732 1
97 98 0.0236481084551749 -0 -0.250170856139964 -0 -0.0314107590781283 -0 0.999506560365732 1
98 99 0.0236481084551749 -0 -0.250170856139964 -0 -0.0314107590781283 -0 0.999506560365732 1
99 100 0.0236481084551749 -0 -0.250170856139964 -0 -0.0314107590781283 -0 0.999506560365732 1
100 101 0.044340203353453 -0 -0.469070355262432 -0 -0.0314107590781283 -0 0.999506560365732 -1
101 102 0.044340203353453 -0 -0.469070355262432 -0 -0.0314107590781283 -0 0.999506560365732 1
102 103 0.044340203353453 -0 -0.469070355262432 -0 -0.0314107590781283 -0 0.999506560365732 1
103 104 0.044340203353453 -0 -0.469070355262432 -0 -0.0314107590781283 -0 0.999506560365732 1
104 105 0.044340203353453 -0 -0.469070355262432 -0 -0.0314107590781283 -0 0.999506560365732 1
105 106 0.044340203353453 -0 -0.469070355262432 -0 -0.0314107590781283 -0 0.999506560365732 1
106 107 0.044340203353453 -0 -0.469070355262432 -0 -0.0314107590781283 -0 0.999506560365732 1
107 108 0.044340203353453 -0 -0.469070355262432 -0 -0.0314107590781283 -0 0.999506560365732 1
108 109 0.044340203353453 -0 -0.469070355262432 -0 -0.0314107590781283 -0 0.999506560365732 1
109 110 0.044340203353453 -0 -0.469070355262432 -0 -0.0314107590781283 -0 0.999506560365732 1
0 110 1.70635114239346 0 -4.30975102664544 0 0.309016994374948 0 -0.951056516295159 1.5
