0 0 0 0 0 0 0 1 1
1 0.0295601355689687 0 -0.312713570174954 0 -0.0314107590781283 0 0.999506560365732 1
2 0.0786973884979144 0 -0.622953975282056 0 -0.0627905195293134 0 0.998026728428272 1
3 0.147217836498202 0 -0.929496838177707 0 -0.0941083133185143 0 0.99556196460308 1
4 0.23485106066559 0 -1.23113237422817 0 -0.125333233564304 0 0.992114701314478 1
5 0.341251212700101 0 -1.52667016577682 0 -0.156434465040231 0 0.987688340595138 1
6 0.465998379811261 0 -1.8149438601788 0 -0.187381314585725 0 0.982287250728689 1
7 0.60860024192204 0 -2.09481577286201 0 -0.218143241396543 0 0.975916761938748 1
8 0.768494014631283 0 -2.36518137724842 0 -0.248689887164855 0 0.968583161128631 1
9 0.945048670266622 0 -2.6249736638158 0 -0.278991106039229 0 0.960293685676943 1
10 1.13756742826241 0 -2.87316735109688 0 -0.309016994374948 0 0.951056516295154 1
11 1.3452905050343 0 -3.10878293199688 0 -0.338737920245292 0 0.940880768954226 1
12 1.56739811249792 0 -3.3308905394605 0 -0.368124552684678 0 0.929776485888252 1
13 1.80301369339791 0 -3.53861361623238 0 -0.397147890634781 0 0.917754625683982 1
14 2.051207380679 0 -3.73113237422818 0 -0.425779291565073 0 0.90482705246602 1
15 2.31099966724638 0 -3.90768702986351 0 -0.453990499739547 0 0.891006524188368 1
16 2.58136527163279 0 -4.06758080257276 0 -0.481753674101716 0 0.876306680043864 1
17 2.861237184316 0 -4.21018266468354 0 -0.509041415750372 0 0.860742027003944 1
18 3.14951087871798 0 -4.3349298317947 0 -0.535826794978997 0 0.844327925502016 1
19 3.44504867026663 0 -4.44132998382921 0 -0.562083377852131 0 0.827080574274563 1
20 3.74668420631709 0 -4.5289632079966 0 -0.587785252292474 0 0.809016994374948 1
21 4.05322706921274 0 -4.59748365599689 0 -0.612907053652977 0 0.790155012375691 1
22 4.36346747431985 0 -4.64662090892583 0 -0.63742398974869 0 0.77051324277579 1
23 4.6761810444948 0 -4.6761810444948 0 -0.661311865323652 0 0.75011106963046 1
24 4.99013364214137 0 -4.68604740235345 0 -0.684547105928689 0 0.728968627421413 1
25 5.30408623978794 0 -4.67618104449481 0 -0.707106781186548 0 0.707106781186549 1
26 5.6167998099629 0 -4.64662090892584 0 -0.728968627421412 0 0.68454710592869 1
27 5.92704021507 0 -4.59748365599689 0 -0.75011106963046 0 0.661311865323653 1
28 6.23358307796565 0 -4.5289632079966 0 -0.77051324277579 0 0.637423989748691 1
29 6.53521861401612 0 -4.44132998382922 0 -0.790155012375691 0 0.612907053652977 1
30 6.83075640556477 0 -4.3349298317947 0 -0.809016994374948 0 0.587785252292474 1
31 7.11903009996675 0 -4.21018266468354 0 -0.827080574274563 0 0.562083377852132 1
32 7.39890201264997 0 -4.06758080257276 0 -0.844327925502016 0 0.535826794978998 1
33 7.66926761703637 0 -3.90768702986352 0 -0.860742027003945 0 0.509041415750372 1
34 7.92905990360376 0 -3.73113237422818 0 -0.876306680043865 0 0.481753674101716 1
35 8.17725359088484 0 -3.53861361623239 0 -0.891006524188369 0 0.453990499739548 1
36 8.41286917178484 0 -3.3308905394605 0 -0.904827052466021 0 0.425779291565074 1
37 8.63497677924846 0 -3.10878293199688 0 -0.917754625683983 0 0.397147890634782 1
38 8.84269985602035 0 -2.87316735109689 0 -0.929776485888253 0 0.368124552684679 1
39 9.03521861401615 0 -2.6249736638158 0 -0.940880768954227 0 0.338737920245292 1
40 9.21177326965149 0 -2.36518137724842 0 -0.951056516295155 0 0.309016994374948 1
41 9.37166704236073 0 -2.09481577286201 0 -0.960293685676945 0 0.27899110603923 1
42 9.51426890447151 0 -1.81494386017879 0 -0.968583161128633 0 0.248689887164856 1
43 9.63901607158267 0 -1.52667016577681 0 -0.975916761938749 0 0.218143241396543 1
44 9.74541622361719 0 -1.23113237422816 0 -0.982287250728691 0 0.187381314585725 1
45 9.83304944778457 0 -0.929496838177691 0 -0.98768834059514 0 0.156434465040232 1
46 9.90156989578487 0 -0.622953975282036 0 -0.99211470131448 0 0.125333233564305 1
47 9.95070714871381 0 -0.312713570174931 0 -0.995561964603082 0 0.0941083133185149 1
48 9.98026728428278 0 2.75335310107039e-14 0 -0.998026728428274 0 0.0627905195293139 1
49 9.99013364214142 0 0.313952597646599 0 -0.999506560365734 0 0.0314107590781288 1
50 9.98026728428278 0 0.62790519529317 0 -1 0 4.09394740330526e-16 1
51 9.95070714871382 0 0.940618765468128 0 -0.999506560365734 0 -0.031410759078128 1
52 9.90156989578487 0 1.25085917057523 0 -0.998026728428274 0 -0.0627905195293131 1
53 9.83304944778458 0 1.55740203347089 0 -0.995561964603083 0 -0.0941083133185141 1
54 9.74541622361719 0 1.85903756952136 0 -0.99211470131448 0 -0.125333233564304 1
55 9.63901607158268 0 2.15457536107001 0 -0.98768834059514 0 -0.156434465040231 1
56 9.51426890447152 0 2.44284905547199 0 -0.982287250728691 0 -0.187381314585725 1
57 9.37166704236074 0 2.72272096815521 0 -0.97591676193875 0 -0.218143241396543 1
58 9.21177326965149 0 2.99308657254162 0 -0.968583161128634 0 -0.248689887164855 1
59 9.03521861401615 0 3.25287885910901 0 -0.960293685676946 0 -0.27899110603923 1
60 8.84269985602036 0 3.5010725463901 0 -0.951056516295156 0 -0.309016994374948 1
61 8.63497677924847 0 3.73668812729009 0 -0.940880768954228 0 -0.338737920245292 1
62 8.41286917178485 0 3.95879573475371 0 -0.929776485888254 0 -0.368124552684679 1
63 8.17725359088486 0 4.16651881152561 0 -0.917754625683984 0 -0.397147890634781 1
64 7.92905990360377 0 4.3590375695214 0 -0.904827052466022 0 -0.425779291565074 1
65 7.66926761703638 0 4.53559222515674 0 -0.891006524188371 0 -0.453990499739548 1
66 7.39890201264997 0 4.69548599786599 0 -0.876306680043866 0 -0.481753674101716 1
67 7.11903009996675 0 4.83808785997677 0 -0.860742027003946 0 -0.509041415750372 1
68 6.83075640556477 0 4.96283502708793 0 -0.844327925502018 0 -0.535826794978998 1
69 6.53521861401611 0 5.06923517912245 0 -0.827080574274565 0 -0.562083377852132 1
70 6.23358307796565 0 5.15686840328984 0 -0.80901699437495 0 -0.587785252292475 1
71 5.92704021506999 0 5.22538885129013 0 -0.790155012375693 0 -0.612907053652978 1
72 5.61679980996288 0 5.27452610421907 0 -0.770513242775792 0 -0.637423989748691 1
73 5.30408623978792 0 5.30408623978804 0 -0.750111069630462 0 -0.661311865323654 1
74 4.99013364214135 0 5.31395259764669 0 -0.728968627421414 0 -0.684547105928691 1
75 4.67618104449477 0 5.30408623978805 0 -0.70710678118655 0 -0.707106781186549 1
76 4.36346747431981 0 5.27452610421908 0 -0.684547105928692 0 -0.728968627421414 1
77 4.0532270692127 0 5.22538885129013 0 -0.661311865323655 0 -0.750111069630462 1
78 3.74668420631705 0 5.15686840328984 0 -0.637423989748692 0 -0.770513242775792 1
79 3.44504867026658 0 5.06923517912245 0 -0.612907053652979 0 -0.790155012375693 1
80 3.14951087871792 0 4.96283502708794 0 -0.587785252292476 0 -0.80901699437495 1
81 2.86123718431594 0 4.83808785997678 0 -0.562083377852133 0 -0.827080574274565 1
82 2.58136527163272 0 4.695485997866 0 -0.535826794978999 0 -0.844327925502018 1
83 2.31099966724631 0 4.53559222515675 0 -0.509041415750374 0 -0.860742027003947 1
84 2.05120738067892 0 4.35903756952141 0 -0.481753674101718 0 -0.876306680043867 1
85 1.80301369339783 0 4.16651881152561 0 -0.453990499739549 0 -0.891006524188371 1
86 1.56739811249783 0 3.95879573475372 0 -0.425779291565075 0 -0.904827052466023 1
87 1.34529050503421 0 3.7366881272901 0 -0.397147890634783 0 -0.917754625683985 1
88 1.13756742826231 0 3.5010725463901 0 -0.36812455268468 0 -0.929776485888255 1
89 0.945048670266519 0 3.25287885910901 0 -0.338737920245293 0 -0.940880768954229 1
90 0.768494014631176 0 2.99308657254162 0 -0.309016994374949 0 -0.951056516295157 1
91 0.608600241921929 0 2.72272096815521 0 -0.278991106039231 0 -0.960293685676947 1
92 0.465998379811146 0 2.44284905547199 0 -0.248689887164856 0 -0.968583161128635 1
93 0.341251212699983 0 2.15457536107001 0 -0.218143241396544 0 -0.975916761938752 1
94 0.234851060665469 0 1.85903756952135 0 -0.187381314585726 0 -0.982287250728693 1
95 0.147217836498079 0 1.55740203347088 0 -0.156434465040232 0 -0.987688340595142 1
96 0.0786973884977888 0 1.25085917057522 0 -0.125333233564305 0 -0.992114701314482 1
97 0.0295601355688414 0 0.940618765468112 0 -0.0941083133185153 0 -0.995561964603084 1
98 -1.28473620630842e-13 0 0.62790519529315 0 -0.0627905195293142 0 -0.998026728428276 1
99 -0.00986635785877138 0 0.313952597646575 0 -0.031410759078129 0 -0.999506560365736 1
100 -1.29406901860918e-13 0 -2.77555756156289e-16 0 -5.759281940243e-16 0 -1 1
101 0.0295601355688395 0 -0.312713570174963 0 0.0314107590781279 0 -0.999506560365736 1
102 0.0786973884977861 0 -0.622953975282073 0 0.0627905195293131 0 -0.998026728428276 1
103 0.147217836498075 0 -0.929496838177732 0 0.0941083133185142 0 -0.995561964603085 1
104 0.234851060665465 0 -1.2311323742282 0 0.125333233564304 0 -0.992114701314483 1
105 0.341251212699978 0 -1.52667016577686 0 0.156434465040231 0 -0.987688340595143 1
106 0.46599837981114 0 -1.81494386017885 0 0.187381314585725 0 -0.982287250728694 1
107 0.608600241921924 0 -2.09481577286207 0 0.218143241396543 0 -0.975916761938752 1
108 0.76849401463117 0 -2.36518137724848 0 0.248689887164855 0 -0.968583161128636 1
109 0.945048670266513 0 -2.62497366381587 0 0.27899110603923 0 -0.960293685676948 1
110 1.13756742826231 0 -2.87316735109696 0 0.309016994374948 0 -0.951056516295159 1
