111
0 0 0 0 0 0 0 1 1
1 0.0295601355689687 0 -0.312713570174954 0 -0.0314107590781283 0 0.999506560365732 1
2 0.0786973884979144 0 -0.622953975282056 0 -0.0627905195293134 0 0.998026728428272 1
3 0.147217836498202 0 -0.929496838177707 0 -0.0941083133185143 0 0.99556196460308 1
4 0.23485106066559 0 -1.23113237422817 0 -0.125333233564304 0 0.992114701314478 1
5 0.341251212700101 0 -1.52667016577682 0 -0.156434465040231 0 0.987688340595138 1
6 0.465998379811261 0 -1.8149438601788 0 -0.187381314585725 0 0.982287250728689 1
7 0.60860024192204 0 -2.09481577286201 0 -0.218143241396543 0 0.975916761938748 1
8 0.768494014631283 0 -2.36518137724842 0 -0.248689887164855 0 0.968583161128631 1
9 0.945048670266622 0 -2.6249736638158 0 -0.278991106039229 0 0.960293685676943 1
10 1.13756742826241 0 -2.87316735109688 0 -0.309016994374948 0 0.951056516295154 1
11 1.3452905050343 0 -3.10878293199688 0 -0.338737920245292 0 0.940880768954226 1
12 1.56739811249792 0 -3.3308905394605 0 -0.368124552684678 0 0.929776485888252 1
13 1.80301369339791 0 -3.53861361623238 0 -0.397147890634781 0 0.917754625683982 1
14 2.051207380679 0 -3.73113237422818 0 -0.425779291565073 0 0.90482705246602 1
15 2.31099966724638 0 -3.90768702986351 0 -0.453990499739547 0 0.891006524188368 1
16 2.58136527163279 0 -4.06758080257276 0 -0.481753674101716 0 0.876306680043864 1
17 2.861237184316 0 -4.21018266468354 0 -0.509041415750372 0 0.860742027003944 1
18 3.14951087871798 0 -4.3349298317947 0 -0.535826794978997 0 0.844327925502016 1
19 3.44504867026663 0 -4.44132998382921 0 -0.562083377852131 0 0.827080574274563 1
20 3.74668420631709 0 -4.5289632079966 0 -0.587785252292474 0 0.809016994374948 1
21 4.05322706921274 0 -4.59748365599689 0 -0.612907053652977 0 0.790155012375691 1
22 4.36346747431985 0 -4.64662090892583 0 -0.63742398974869 0 0.77051324277579 1
23 4.6761810444948 0 -4.6761810444948 0 -0.661311865323652 0 0.75011106963046 1
24 4.99013364214137 0 -4.68604740235345 0 -0.684547105928689 0 0.728968627421413 1
25 5.30408623978794 0 -4.67618104449481 0 -0.707106781186548 0 0.707106781186549 1
26 5.60201974217841 0 -4.49026412383836 0 -0.728968627421412 0 0.68454710592869 1
27 5.88769152082104 0 -4.28600666835586 0 -0.75011106963046 0 0.661311865323653 1
28 6.15997415971655 0 -4.06421478890775 0 -0.77051324277579 0 0.637423989748691 1
29 6.41779308368333 0 -3.82576379671513 0 -0.790155012375691 0 0.612907053652977 1
30 6.66013079921473 0 -3.57159474890629 0 -0.809016994374948 0 0.587785252292474 1
31 6.88603091006112 0 -3.30271073459415 0 -0.827080574274563 0 0.562083377852132 1
32 7.09460189168895 0 -3.02017291614176 0 -0.844327925502016 0 0.535826794978998 1
33 7.28502060972074 0 -2.72509634123931 0 -0.860742027003945 0 0.509041415750372 1
34 7.45653556847045 0 -2.41864554232028 0 -0.876306680043865 0 0.481753674101716 1
35 7.60846987675364 0 -2.10202994068395 0 -0.891006524188369 0 0.453990499739548 1
36 7.7402239192677 0 -1.77649907346206 0 -0.904827052466021 0 0.425779291565074 1
37 7.8512777229995 0 -1.44333766226663 0 -0.917754625683983 0 0.397147890634782 1
38 7.9411930093214 0 -1.10386054298069 0 -0.929776485888253 0 0.368124552684679 1
39 8.00961492367665 0 -0.759407476701711 0 -0.940880768954227 0 0.338737920245292 1
40 8.0562734360283 0 -0.411337862316657 0 -0.951056516295155 0 0.309016994374948 1
41 8.08098440654434 0 -0.0610253715756256 0 -0.960293685676945 0 0.27899110603923 1
42 8.08365031231351 0 0.290147472162981 0 -0.968583161128633 0 0.248689887164856 1
43 8.06426063222368 0 0.640794750120537 0 -0.975916761938749 0 0.218143241396543 1
44 8.02289188848387 0 0.989532617686449 0 -0.982287250728691 0 0.187381314585725 1
45 7.95970734462603 0 1.33498476582061 0 -0.98768834059514 0 0.156434465040232 1
46 7.87495636117849 0 1.67578785271641 0 -0.99211470131448 0 0.125333233564305 1
47 7.76897341155388 0 2.01059688428799 0 -0.995561964603082 0 0.0941083133185149 1
48 7.64217676203538 0 2.33809052224743 0 -0.998026728428274 0 0.0627905195293139 1
49 7.49506682107074 0 2.65697629882332 0 -0.999506560365734 0 0.0314107590781288 1
50 7.32822416438881 0 2.96599571754057 0 -1 0 4.09394740330526e-16 1
51 7.18664744708582 0 2.79485886466861 0 -0.999506560365734 0 -0.031410759078128 1
52 7.05609587099674 0 2.61517003565059 0 -0.998026728428274 0 -0.0627905195293131 1
53 6.93708466354905 0 2.42763838020263 0 -0.995561964603083 0 -0.0941083133185141 1
54 6.83008350760751 0 2.2330040000937 0 -0.99211470131448 0 -0.125333233564304 1
55 6.73551468785044 0 2.03203502830213 0 -0.98768834059514 0 -0.156434465040231 1
56 6.65375142420503 0 1.82552459754556 0 -0.982287250728691 0 -0.187381314585725 1
57 6.58511639891881 0 1.61428771014857 0 -0.97591676193875 0 -0.218143241396543 1
58 6.52988048308023 0 1.39915802160075 0 -0.968583161128634 0 -0.248689887164855 1
59 6.4882616676142 0 1.18098455049939 0 -0.960293685676946 0 -0.27899110603923 1
60 6.46042420297155 0 0.960628327860955 0 -0.951056516295156 0 -0.309016994374948 1
61 6.44647795090749 0 0.738958999025015 0 -0.940880768954228 0 -0.338737920245292 1
62 6.44647795090749 0 0.516851391561403 0 -0.929776485888254 0 -0.368124552684679 1
63 6.46042420297154 0 0.295182062725463 0 -0.917754625683984 0 -0.397147890634781 1
64 6.48826166761418 0 0.074825840087027 0 -0.904827052466022 0 -0.425779291565074 1
65 6.5298804830802 0 -0.143347631014332 0 -0.891006524188371 0 -0.453990499739548 1
66 6.58511639891878 0 -0.358477319562156 0 -0.876306680043866 0 -0.481753674101716 1
67 6.65375142420499 0 -0.569714206959153 0 -0.860742027003946 0 -0.509041415750372 1
68 6.7355146878504 0 -0.776224637715719 0 -0.844327925502018 0 -0.535826794978998 1
69 6.83008350760746 0 -0.977193609507301 0 -0.827080574274565 0 -0.562083377852132 1
70 6.937084663549 0 -1.17182798961623 0 -0.80901699437495 0 -0.587785252292475 1
71 7.05609587099668 0 -1.3593596450642 0 -0.790155012375693 0 -0.612907053652978 1
72 7.18664744708575 0 -1.53904847408222 0 -0.770513242775792 0 -0.637423989748691 1
73 7.32822416438874 0 -1.71018532695418 0 -0.750111069630462 0 -0.661311865323654 1
74 7.4802672842827 0 -1.87209480470679 0 -0.728968627421414 0 -0.684547105928691 1
75 7.6421767620353 0 -2.02413792460075 0 -0.70710678118655 0 -0.707106781186549 1
76 7.7778414522245 0 -1.7904583576938 0 -0.684547105928692 0 -0.728968627421414 1
77 7.89856557772778 0 -1.54872144765436 0 -0.661311865323655 0 -0.750111069630462 1
78 8.0038726955754 0 -1.29988121962726 0 -0.637423989748692 0 -0.770513242775792 1
79 8.09334720668346 0 -1.04491973230825 0 -0.612907053652979 0 -0.790155012375693 1
80 8.16663599603363 0 -0.784843202206938 0 -0.587785252292476 0 -0.80901699437495 1
81 8.2234498262568 0 -0.520678032569979 0 -0.562083377852133 0 -0.827080574274565 1
82 8.26356447912086 0 -0.253466762636343 0 -0.535826794978999 0 -0.844327925502018 1
83 8.28682164041759 0 0.0157360467887604 0 -0.509041415750374 0 -0.860742027003947 1
84 8.29312952475654 0 0.285867975203595 0 -0.481753674101718 0 -0.876306680043867 1
85 8.28246323780003 0 0.555862935298245 0 -0.453990499739549 0 -0.891006524188371 1
86 8.25486487450971 0 0.824655380314183 0 -0.425779291565075 0 -0.904827052466023 1
87 8.21044335301698 0 1.09118450927052 0 -0.397147890634783 0 -0.917754625683985 1
88 8.14937398477293 0 1.35439845346083 0 -0.36812455268468 0 -0.929776485888255 1
89 8.07189778267407 0 1.61325842769843 0 -0.338737920245293 0 -0.940880768954229 1
90 7.97832050989457 0 1.86674282992685 0 -0.309016994374949 0 -0.951056516295157 1
91 7.8690114731787 0 2.11385127301652 0 -0.278991106039231 0 -0.960293685676947 1
92 7.74440206535584 0 2.35360853283567 0 -0.248689887164856 0 -0.968583161128635 1
93 7.60498406283004 0 2.58506839701447 0 -0.218143241396544 0 -0.975916761938752 1
94 7.45130768476324 0 2.80731739921295 0 -0.187381314585726 0 -0.982287250728693 1
95 7.28397942161161 0 3.01947842415535 0 -0.156434465040232 0 -0.987688340595142 1
96 7.1036596415848 0 3.22071416920337 0 -0.125333233564305 0 -0.992114701314482 1
97 6.9110599844743 0 3.41023044880719 0 -0.0941083133185153 0 -0.995561964603084 1
98 6.70694055313632 0 3.58727932879294 0 -0.0627905195293142 0 -0.998026728428276 1
99 6.49210691371304 0 3.75116207811727 0 -0.031410759078129 0 -0.999506560365736 1
100 6.26740691643113 0 3.9012319264395 0 -5.759281940243e-16 0 -1 1
101 6.05441944442245 0 3.81799711750623 0 0.0314107590781279 0 -0.999506560365736 1
102 5.84707861143327 0 3.72155295943455 0 0.0627905195293131 0 -0.998026728428276 1
103 5.64620269700638 0 3.61228007325521 0 0.0941083133185142 0 -0.995561964603085 1
104 5.45258446660453 0 3.49060970912795 0 0.125333233564304 0 -0.992114701314483 1
105 5.26698804292738 0 3.35702204439406 0 0.156434465040231 0 -0.987688340595143 1
106 5.09014589026823 0 3.21204428853585 0 0.187381314585725 0 -0.982287250728694 1
107 4.92275592381214 0 3.05624860252166 0 0.218143241396543 0 -0.975916761938752 1
108 4.7654787552835 0 2.89024984074791 0 0.248689887164855 0 -0.968583161128636 1
109 4.6189350858134 0 2.71470312448969 0 0.27899110603923 0 -0.960293685676948 1
110 4.48370325631581 0 2.53030125643642 0 0.309016994374948 0 -0.951056516295159 1
