0.000000 0.000000 0.000000 0.000000 0.000000 0.000000 0.000000 1.000000
1.000000 -0.009866 0.000000 0.313953 0.000000 0.031411 0.000000 0.999507
2.000000 -0.000000 0.000000 0.627905 0.000000 0.062791 0.000000 0.998027
3.000000 0.029560 0.000000 0.940619 0.000000 0.094108 0.000000 0.995562
4.000000 0.078697 0.000000 1.250859 0.000000 0.125333 0.000000 0.992115
5.000000 0.147218 0.000000 1.557402 0.000000 0.156434 0.000000 0.987688
6.000000 0.234851 0.000000 1.859038 0.000000 0.187381 0.000000 0.982287
7.000000 0.341251 0.000000 2.154575 0.000000 0.218143 0.000000 0.975917
8.000000 0.465998 0.000000 2.442849 0.000000 0.248690 0.000000 0.968583
9.000000 0.608600 0.000000 2.722721 0.000000 0.278991 0.000000 0.960294
10.000000 0.768494 0.000000 2.993087 0.000000 0.309017 0.000000 0.951057
11.000000 0.945049 0.000000 3.252879 0.000000 0.338738 0.000000 0.940881
12.000000 1.137567 0.000000 3.501073 0.000000 0.368125 0.000000 0.929776
13.000000 1.345291 0.000000 3.736688 -0.000000 0.397148 0.000000 0.917755
14.000000 1.567398 0.000000 3.958796 -0.000000 0.425779 0.000000 0.904827
15.000000 1.803014 0.000000 4.166519 -0.000000 0.453990 0.000000 0.891007
16.000000 2.051207 0.000000 4.359038 -0.000000 0.481754 0.000000 0.876307
17.000000 2.311000 0.000000 4.535592 -0.000000 0.509041 0.000000 0.860742
18.000000 2.581365 0.000000 4.695486 -0.000000 0.535827 0.000000 0.844328
19.000000 2.861237 0.000000 4.838088 -0.000000 0.562083 0.000000 0.827081
20.000000 3.149511 0.000000 4.962835 -0.000000 0.587785 0.000000 0.809017
21.000000 3.445049 0.000000 5.069235 -0.000000 0.612907 0.000000 0.790155
22.000000 3.746684 0.000000 5.156868 -0.000000 0.637424 0.000000 0.770513
23.000000 4.053227 0.000000 5.225389 -0.000000 0.661312 0.000000 0.750111
24.000000 4.363467 0.000000 5.274526 -0.000000 0.684547 0.000000 0.728969
25.000000 4.676181 0.000000 5.304086 -0.000000 0.707107 0.000000 0.707107
26.000000 4.833157 0.000000 5.309019 0.000000 0.728969 0.000000 0.684547
27.000000 4.990134 0.000000 5.304086 0.000000 0.750111 0.000000 0.661312
28.000000 5.146490 0.000000 5.289306 0.000000 0.770513 0.000000 0.637424
29.000000 5.301611 0.000000 5.264738 0.000000 0.790155 0.000000 0.612907
30.000000 5.454882 0.000000 5.230477 0.000000 0.809017 0.000000 0.587785
31.000000 5.605700 0.000000 5.186661 0.000000 0.827081 0.000000 0.562083
32.000000 5.753469 0.000000 5.133461 0.000000 0.844328 0.000000 0.535827
33.000000 5.897606 0.000000 5.071087 0.000000 0.860742 0.000000 0.509041
34.000000 6.037542 0.000000 4.999786 0.000000 0.876307 0.000000 0.481754
35.000000 6.172724 0.000000 4.919839 0.000000 0.891007 0.000000 0.453990
36.000000 6.302620 0.000000 4.831562 0.000000 0.904827 0.000000 0.425779
37.000000 6.426717 0.000000 4.735303 0.000000 0.917755 0.000000 0.397148
38.000000 6.544525 0.000000 4.631441 0.000000 0.929776 0.000000 0.368125
39.000000 6.655579 0.000000 4.520387 0.000000 0.940881 0.000000 0.338738
40.000000 6.759440 0.000000 4.402579 0.000000 0.951057 0.000000 0.309017
41.000000 6.855700 0.000000 4.278483 0.000000 0.960294 0.000000 0.278991
42.000000 6.943977 0.000000 4.148586 0.000000 0.968583 0.000000 0.248690
43.000000 7.023924 0.000000 4.013404 0.000000 0.975917 0.000000 0.218143
44.000000 7.095225 0.000000 3.873468 0.000000 0.982287 0.000000 0.187381
45.000000 7.157599 0.000000 3.729331 0.000000 0.987688 0.000000 0.156434
46.000000 7.210799 0.000000 3.581562 0.000000 0.992115 0.000000 0.125333
47.000000 7.254615 0.000000 3.430744 0.000000 0.995562 0.000000 0.094108
48.000000 7.288875 0.000000 3.277473 0.000000 0.998027 0.000000 0.062791
49.000000 7.313444 0.000000 3.122353 0.000000 0.999507 0.000000 0.031411
50.000000 7.328224 0.000000 2.965996 0.000000 1.000000 0.000000 0.000000
51.000000 7.347957 0.000000 2.338091 0.000000 0.999507 0.000000 -0.031411
52.000000 7.328224 0.000000 1.710185 0.000000 0.998027 0.000000 -0.062791
53.000000 7.269104 0.000000 1.084758 0.000000 0.995562 0.000000 -0.094108
54.000000 7.170829 0.000000 0.464277 0.000000 0.992115 0.000000 -0.125333
55.000000 7.033788 0.000000 -0.148808 0.000000 0.987688 0.000000 -0.156434
56.000000 6.858522 0.000000 -0.752079 0.000000 0.982287 0.000000 -0.187381
57.000000 6.645722 0.000000 -1.343155 0.000000 0.975917 0.000000 -0.218143
58.000000 6.396227 0.000000 -1.919702 0.000000 0.968583 0.000000 -0.248690
59.000000 6.111024 0.000000 -2.479446 0.000000 0.960294 0.000000 -0.278991
60.000000 5.791236 0.000000 -3.020177 0.000000 0.951057 0.000000 -0.309017
61.000000 5.438127 0.000000 -3.539762 0.000000 0.940881 0.000000 -0.338738
62.000000 5.053089 0.000000 -4.036149 0.000000 0.929776 0.000000 -0.368125
63.000000 4.637643 0.000000 -4.507381 0.000000 0.917755 0.000000 -0.397148
64.000000 4.193428 0.000000 -4.951596 0.000000 0.904827 0.000000 -0.425779
65.000000 3.722197 0.000000 -5.367042 0.000000 0.891007 0.000000 -0.453990
66.000000 3.225809 0.000000 -5.752079 0.000000 0.876307 0.000000 -0.481754
67.000000 2.706225 0.000000 -6.105189 0.000000 0.860742 0.000000 -0.509041
68.000000 2.165494 0.000000 -6.424976 0.000000 0.844328 0.000000 -0.535827
69.000000 1.605750 0.000000 -6.710180 0.000000 0.827081 0.000000 -0.562083
70.000000 1.029202 0.000000 -6.959674 0.000000 0.809017 0.000000 -0.587785
71.000000 0.438127 0.000000 -7.172475 0.000000 0.790155 0.000000 -0.612907
72.000000 -0.165144 0.000000 -7.347741 0.000000 0.770513 0.000000 -0.637424
73.000000 -0.778230 0.000000 -7.484782 0.000000 0.750111 0.000000 -0.661312
74.000000 -1.398711 0.000000 -7.583056 0.000000 0.728969 0.000000 -0.684547
75.000000 -2.024138 0.000000 -7.642177 0.000000 0.707107 0.000000 -0.707107
76.000000 -2.275300 0.000000 -7.650070 0.000000 -0.684547 0.000000 0.728969
77.000000 -2.526462 0.000000 -7.642177 0.000000 -0.661312 0.000000 0.750111
78.000000 -2.776633 0.000000 -7.618529 0.000000 -0.637424 0.000000 0.770513
79.000000 -3.024825 0.000000 -7.579219 0.000000 -0.612907 0.000000 0.790155
80.000000 -3.270060 0.000000 -7.524402 0.000000 -0.587785 0.000000 0.809017
81.000000 -3.511368 0.000000 -7.454296 0.000000 -0.562083 0.000000 0.827081
82.000000 -3.747798 0.000000 -7.369176 0.000000 -0.535827 0.000000 0.844328
83.000000 -3.978417 0.000000 -7.269378 0.000000 -0.509041 0.000000 0.860742
84.000000 -4.202315 0.000000 -7.155297 0.000000 -0.481754 0.000000 0.876307
85.000000 -4.418607 0.000000 -7.027382 0.000000 -0.453990 0.000000 0.891007
86.000000 -4.626441 0.000000 -6.886138 0.000000 -0.425779 0.000000 0.904827
87.000000 -4.824996 0.000000 -6.732123 0.000000 -0.397148 0.000000 0.917755
88.000000 -5.013488 0.000000 -6.565944 0.000000 -0.368125 0.000000 0.929776
89.000000 -5.191175 0.000000 -6.388258 0.000000 -0.338738 0.000000 0.940881
90.000000 -5.357353 0.000000 -6.199766 0.000000 -0.309017 0.000000 0.951057
91.000000 -5.511368 0.000000 -6.001211 0.000000 -0.278991 0.000000 0.960294
92.000000 -5.652612 0.000000 -5.793377 0.000000 -0.248690 0.000000 0.968583
93.000000 -5.780527 0.000000 -5.577085 0.000000 -0.218143 0.000000 0.975917
94.000000 -5.894608 0.000000 -5.353187 0.000000 -0.187381 0.000000 0.982287
95.000000 -5.994406 0.000000 -5.122568 0.000000 -0.156434 0.000000 0.987688
96.000000 -6.079526 0.000000 -4.886138 0.000000 -0.125333 0.000000 0.992115
97.000000 -6.149633 0.000000 -4.644829 0.000000 -0.094108 0.000000 0.995562
98.000000 -6.204449 0.000000 -4.399595 0.000000 -0.062791 0.000000 0.998027
99.000000 -6.243759 0.000000 -4.151403 0.000000 -0.031411 0.000000 0.999507
100.000000 -6.267407 0.000000 -3.901232 0.000000 -0.000000 0.000000 1.000000
101.000000 -6.282206 0.000000 -3.430303 0.000000 0.031411 0.000000 0.999507
102.000000 -6.267407 0.000000 -2.959374 0.000000 0.062791 0.000000 0.998027
103.000000 -6.223067 0.000000 -2.490304 0.000000 0.094108 0.000000 0.995562
104.000000 -6.149361 0.000000 -2.024943 0.000000 0.125333 0.000000 0.992115
105.000000 -6.046580 0.000000 -1.565129 0.000000 0.156434 0.000000 0.987688
106.000000 -5.915130 0.000000 -1.112676 0.000000 0.187381 0.000000 0.982287
107.000000 -5.755530 0.000000 -0.669369 0.000000 0.218143 0.000000 0.975917
108.000000 -5.568409 0.000000 -0.236958 0.000000 0.248690 0.000000 0.968583
109.000000 -5.354507 0.000000 0.182850 0.000000 0.278991 0.000000 0.960294
110.000000 -5.114666 0.000000 0.588398 0.000000 0.309017 0.000000 0.951057
