0 0.000000 0.000000 0.000000 0.000000 0.000000 0.000000 1.000000
1 -0.009866 0.000000 0.313953 0.000000 0.031411 0.000000 0.999507
2 -0.000000 0.000000 0.627905 0.000000 0.062791 0.000000 0.998027
3 0.029560 0.000000 0.940619 0.000000 0.094108 0.000000 0.995562
4 0.078697 0.000000 1.250859 0.000000 0.125333 0.000000 0.992115
5 0.147218 0.000000 1.557402 0.000000 0.156434 0.000000 0.987688
6 0.234851 0.000000 1.859038 0.000000 0.187381 0.000000 0.982287
7 0.341251 0.000000 2.154575 0.000000 0.218143 0.000000 0.975917
8 0.465998 0.000000 2.442849 0.000000 0.248690 0.000000 0.968583
9 0.608600 0.000000 2.722721 0.000000 0.278991 0.000000 0.960294
10 0.768494 0.000000 2.993087 0.000000 0.309017 0.000000 0.951057
11 0.945049 0.000000 3.252879 0.000000 0.338738 0.000000 0.940881
12 1.137567 0.000000 3.501073 0.000000 0.368125 0.000000 0.929776
13 1.345291 0.000000 3.736688 0.000000 0.397148 0.000000 0.917755
14 1.567398 0.000000 3.958796 0.000000 0.425779 0.000000 0.904827
15 1.803014 0.000000 4.166519 0.000000 0.453990 0.000000 0.891007
16 2.051207 0.000000 4.359038 0.000000 0.481754 0.000000 0.876307
17 2.311000 0.000000 4.535592 0.000000 0.509041 0.000000 0.860742
18 2.581365 0.000000 4.695486 0.000000 0.535827 0.000000 0.844328
19 2.861237 0.000000 4.838088 0.000000 0.562083 0.000000 0.827081
20 3.149511 0.000000 4.962835 0.000000 0.587785 0.000000 0.809017
21 3.445049 0.000000 5.069235 0.000000 0.612907 0.000000 0.790155
22 3.746684 0.000000 5.156868 0.000000 0.637424 0.000000 0.770513
23 4.053227 0.000000 5.225389 0.000000 0.661312 0.000000 0.750111
24 4.363467 0.000000 5.274526 0.000000 0.684547 0.000000 0.728969
25 4.676181 0.000000 5.304086 0.000000 0.707107 0.000000 0.707107
26 4.818981 0.000000 5.308718 0.000000 0.627589 0.000000 0.656018
27 4.948494 0.000000 5.304648 0.000000 0.643458 0.000000 0.636049
28 5.077496 0.000000 5.292453 0.000000 0.658248 0.000000 0.615599
29 5.205477 0.000000 5.272183 0.000000 0.671871 0.000000 0.594703
30 5.331934 0.000000 5.243917 0.000000 0.684226 0.000000 0.573398
31 5.456365 0.000000 5.207766 0.000000 0.695191 0.000000 0.551726
32 5.578282 0.000000 5.163873 0.000000 0.704623 0.000000 0.529734
33 5.697202 0.000000 5.112412 0.000000 0.712350 0.000000 0.507471
34 5.812655 0.000000 5.053586 0.000000 0.822984 0.000000 0.423222
35 5.924188 0.000000 4.987626 0.000000 0.835905 0.000000 0.399254
36 6.031358 0.000000 4.914793 0.000000 0.848065 0.000000 0.374800
37 6.133744 0.000000 4.835374 0.000000 0.859450 0.000000 0.349895
38 6.230941 0.000000 4.749683 0.000000 0.870045 0.000000 0.324572
39 6.322566 0.000000 4.658059 0.000000 0.879839 0.000000 0.298864
40 6.408256 0.000000 4.560862 0.000000 0.888820 0.000000 0.272806
41 6.487675 0.000000 4.458476 0.000000 0.896977 0.000000 0.246429
42 6.560508 0.000000 4.351305 0.000000 0.904300 0.000000 0.219766
43 6.626468 0.000000 4.239773 0.000000 0.910782 0.000000 0.192850
44 6.685295 0.000000 4.124319 0.000000 0.916415 0.000000 0.165711
45 6.736756 0.000000 4.005400 0.000000 0.921192 0.000000 0.138382
46 6.780648 0.000000 3.883483 0.000000 0.925108 0.000000 0.110896
47 6.816799 0.000000 3.759051 0.000000 0.928159 0.000000 0.083282
48 6.845065 0.000000 3.632595 0.000000 0.930340 0.000000 0.055574
49 6.865336 0.000000 3.504614 0.000000 0.931650 0.000000 0.027803
50 6.877530 0.000000 3.375612 0.000000 0.932087 0.000000 0.000000
51 6.891353 0.000000 2.970228 0.000000 0.787594 0.000000 -0.019707
52 6.881598 0.000000 2.659798 0.000000 0.786666 0.000000 -0.039384
53 6.852369 0.000000 2.350594 0.000000 0.785120 0.000000 -0.058997
54 6.803783 0.000000 2.043835 0.000000 0.782960 0.000000 -0.078516
55 6.736032 0.000000 1.740732 0.000000 0.780188 0.000000 -0.097909
56 6.649382 0.000000 1.442481 0.000000 0.776810 0.000000 -0.117144
57 6.544176 0.000000 1.150260 0.000000 0.772830 0.000000 -0.136188
58 6.420828 0.000000 0.865221 0.000000 0.768255 0.000000 -0.155010
59 6.279827 0.000000 0.588490 0.000000 0.763093 0.000000 -0.173575
60 6.121727 0.000000 0.321158 0.000000 0.757352 0.000000 -0.191849
61 5.947154 0.000000 0.064281 0.000000 0.751042 0.000000 -0.209799
62 5.756795 0.000000 -0.181127 0.000000 0.744174 0.000000 -0.227388
63 5.551403 0.000000 -0.414099 0.000000 0.736759 0.000000 -0.244581
64 5.331788 0.000000 -0.633714 0.000000 0.728811 0.000000 -0.261339
65 5.098816 0.000000 -0.839106 0.000000 0.720343 0.000000 -0.277624
66 4.853408 0.000000 -1.029465 0.000000 0.711372 0.000000 -0.293395
67 4.596531 0.000000 -1.204038 0.000000 -0.429381 0.000000 0.504490
68 4.329199 0.000000 -1.362138 0.000000 -0.431774 0.000000 0.518022
69 4.052468 0.000000 -1.503139 0.000000 -0.432347 0.000000 0.531600
70 3.767429 0.000000 -1.626487 0.000000 -0.431235 0.000000 0.545170
71 3.475208 0.000000 -1.731693 0.000000 -0.428562 0.000000 0.558679
72 3.176957 0.000000 -1.818343 0.000000 -0.424443 0.000000 0.572082
73 2.873854 0.000000 -1.886094 0.000000 -0.418984 0.000000 0.585334
74 2.567095 0.000000 -1.934680 0.000000 -0.412281 0.000000 0.598394
75 2.257891 0.000000 -1.963908 0.000000 -0.404424 0.000000 0.611226
76 2.128855 0.000000 -1.967912 0.000000 -0.420938 0.000000 0.632577
77 1.994834 0.000000 -1.963700 0.000000 -0.409983 0.000000 0.645632
78 1.861342 0.000000 -1.951081 0.000000 -0.398094 0.000000 0.658327
79 1.728906 0.000000 -1.930106 0.000000 -0.385336 0.000000 0.670635
80 1.598048 0.000000 -1.900855 0.000000 -0.371769 0.000000 0.682530
81 1.469284 0.000000 -1.863446 0.000000 -0.357451 0.000000 0.693987
82 1.343124 0.000000 -1.818026 0.000000 -0.342434 0.000000 0.704982
83 1.220065 0.000000 -1.764773 0.000000 -0.326767 0.000000 0.715496
84 1.100592 0.000000 -1.703899 0.000000 -0.310498 0.000000 0.725507
85 0.985178 0.000000 -1.635643 0.000000 -0.293670 0.000000 0.734999
86 0.874277 0.000000 -1.560275 0.000000 -0.276327 0.000000 0.743954
87 0.768327 0.000000 -1.478092 0.000000 -0.258508 0.000000 0.752356
88 0.667747 0.000000 -1.389418 0.000000 -0.240253 0.000000 0.760192
89 0.572933 0.000000 -1.294604 0.000000 -0.221600 0.000000 0.767447
90 0.484259 0.000000 -1.194024 0.000000 -0.202584 0.000000 0.774111
91 0.402076 0.000000 -1.088074 0.000000 -0.183241 0.000000 0.780173
92 0.326708 0.000000 -0.977173 0.000000 -0.163607 0.000000 0.785622
93 0.258452 0.000000 -0.861759 0.000000 -0.143714 0.000000 0.790450
94 0.197578 0.000000 -0.742286 0.000000 -0.123597 0.000000 0.794649
95 0.144325 0.000000 -0.619227 0.000000 -0.103289 0.000000 0.798213
96 0.098905 0.000000 -0.493067 0.000000 -0.082821 0.000000 0.801137
97 0.061496 0.000000 -0.364304 0.000000 -0.062226 0.000000 0.803416
98 0.032246 0.000000 -0.233446 0.000000 -0.041537 0.000000 0.805046
99 0.011270 0.000000 -0.101009 0.000000 -0.020784 0.000000 0.806025
100 -0.001349 0.000000 0.032483 0.000000 -0.000000 0.000000 0.806352
101 -0.009866 0.000000 0.313953 0.000000 0.024179 0.000000 0.865646
102 0.000000 0.000000 0.627905 0.000000 0.048326 0.000000 0.864507
103 0.029560 0.000000 0.940619 0.000000 0.072409 0.000000 0.862610
104 0.078697 0.000000 1.250859 0.000000 0.096396 0.000000 0.859958
105 0.147218 0.000000 1.557402 0.000000 0.120256 0.000000 0.856554
106 0.234851 0.000000 1.859038 0.000000 0.143955 0.000000 0.852404
107 0.341251 0.000000 2.154575 0.000000 0.167463 0.000000 0.847511
108 0.465998 0.000000 2.442849 0.000000 0.190744 0.000000 0.841884
109 0.608600 0.000000 2.722721 0.000000 0.213767 0.000000 0.835529
110 0.768494 0.000000 2.993087 0.000000 0.236498 0.000000 0.828456
