0.000000 0.000000 0.000000 0.000000 0.000000 0.000000 0.000000 1.000000
1.000000 -0.133975 0.500000 0.000000 0.000000 0.000000 0.258819 0.965926
2.000000 -0.500000 0.866025 0.000000 0.000000 0.000000 0.500000 0.866025
3.000000 -1.000000 1.000000 0.000000 0.000000 0.000000 0.707107 0.707107
4.000000 -1.500000 0.866025 0.000000 0.000000 0.000000 0.866025 0.500000
5.000000 -1.866025 0.500000 0.000000 0.000000 0.000000 0.965926 0.258819
6.000000 -2.000000 0.000000 0.000000 0.000000 0.000000 1.000000 0.000000
7.000000 -1.866025 -0.500000 0.000000 0.000000 0.000000 0.965926 -0.258819
8.000000 -1.500000 -0.866025 0.000000 0.000000 0.000000 0.866025 -0.500000
9.000000 -1.000000 -1.000000 0.000000 0.000000 0.000000 0.707107 -0.707107
10.000000 -0.500000 -0.866025 0.000000 0.000000 0.000000 0.500000 -0.866025
11.000000 -0.133975 -0.500000 0.000000 0.000000 0.000000 0.258819 -0.965926
