0 -0.000000 0.000000 0.000000 0 0 -0.000000 1.000000
1 -0.142843 0.510642 0.000000 0 0 0.240687 0.970603
2 -0.484483 0.852230 0.000000 0 0 0.506588 0.862188
3 -0.958422 0.931622 0.000000 0 0 0.695110 0.718903
4 -1.507941 0.815206 0.000000 0 0 0.852417 0.522863
5 -1.929261 0.454785 0.000000 0 0 0.967342 0.253475
6 -2.072789 -0.031202 0.000000 0 0 0.999499 -0.031647
7 -1.901761 -0.498165 0.000000 0 0 -0.959722 0.280952
8 -1.498456 -0.896772 0.000000 0 0 -0.841493 0.540268
9 -0.965912 -1.007422 0.000000 0 0 -0.679214 0.733940
10 -0.491896 -0.823690 0.000000 0 0 -0.485762 0.874091
11 -0.127890 -0.473351 0.000000 0 0 -0.262217 0.965009
