0.000000 0.000000 0.000000 0.000000 0.000000 0.000000 0.000000 1.000000
1.000000 -0.146303 0.521450 0.000000 0.000000 0.000000 0.229521 0.973304
2.000000 -0.483216 0.881682 0.000000 0.000000 0.000000 0.487742 0.872988
3.000000 -0.956247 0.992529 0.000000 0.000000 0.000000 0.673580 0.739114
4.000000 -1.514496 0.919746 0.000000 0.000000 0.000000 0.834056 0.551679
5.000000 -1.962158 0.599956 0.000000 0.000000 0.000000 0.957619 0.288039
6.000000 -2.142864 0.136549 0.000000 0.000000 0.000000 0.999990 0.004377
7.000000 -2.008574 -0.330487 0.000000 0.000000 0.000000 0.969278 -0.245967
8.000000 -1.637885 -0.746245 0.000000 0.000000 0.000000 -0.861409 0.507912
9.000000 -1.117909 -0.885967 0.000000 0.000000 0.000000 -0.709721 0.704483
10.000000 -0.632563 -0.731991 0.000000 0.000000 0.000000 -0.528590 0.848877
11.000000 -0.237955 -0.408410 0.000000 0.000000 0.000000 -0.319205 0.947686
12.000000 -0.056860 0.057527 0.000000 0.000000 0.000000 -0.070889 0.997484
